T = 50;

Demand = [428, 520, 562, 472, 417, 523, 544, 450, 569, 515, 573, 445, 485, 514, 512, 437, 459, 449, 566, 598, 483, 502, 444, 528, 550, 569, 415, 535, 589, 527, 592, 588, 513, 489, 477, 476, 522, 594, 570, 541, 449, 484, 590, 482, 527, 508, 521, 571, 400, 481];

p_t = [0.66, 0.95, 0.82, 0.93, 0.61, 0.83, 0.88, 0.68, 0.51, 0.6, 0.91, 0.97, 0.6, 0.65, 0.91, 0.92, 0.78, 0.95, 0.88, 0.97, 0.51, 0.96, 0.57, 0.84, 0.68, 0.52, 0.54, 0.97, 0.68, 0.53, 0.65, 0.62, 0.81, 0.88, 0.54, 0.79, 0.81, 0.9, 0.56, 0.88, 0.85, 0.57, 0.66, 0.95, 0.81, 0.53, 0.64, 0.78, 0.53, 0.82];

q1_t = [3120, 2926, 3150, 2984, 3130, 2926, 2930, 3148, 3006, 3105, 3138, 2863, 3135, 2927, 2967, 2863, 2987, 2985, 3136, 2865, 3036, 3038, 2940, 3105, 3019, 3082, 3083, 2959, 2990, 2916, 3074, 2922, 2853, 2931, 2955, 2898, 3108, 3033, 3080, 2935, 3116, 3010, 2915, 2896, 2938, 3047, 3005, 2863, 3130, 2986];
q2_t = [5970, 5895, 5979, 6006, 6125, 5911, 6062, 5902, 6130, 6114, 6142, 6151, 6132, 6060, 6171, 5888, 6188, 5983, 5907, 5860, 6016, 5986, 5933, 6099, 5870, 5902, 5901, 5876, 6141, 6057, 5934, 5903, 6044, 6067, 6041, 6051, 5934, 5944, 6073, 5935, 6150, 5863, 5968, 6184, 5953, 6081, 6107, 5942, 5921, 5922];
q3_t = [9138, 8918, 9000, 9180, 8974, 8849, 8966, 9066, 9064, 8929, 8930, 8930, 8912, 9026, 8820, 8861, 8834, 8817, 9119, 9047, 8973, 8801, 8923, 9141, 8802, 9154, 9051, 9017, 9088, 9035, 9099, 9029, 9166, 9190, 9020, 8851, 9149, 8930, 8944, 8941, 8943, 8974, 8856, 8838, 9106, 8912, 9102, 8879, 9176, 8910];
q4_t = [12060, 12139, 11892, 11885, 11987, 12141, 12056, 12014, 11874, 12129, 12036, 12027, 12037, 12008, 11994, 12016, 12121, 11947, 12015, 12082, 12000, 12117, 11951, 11889, 11973, 12086, 12083, 11879, 12067, 12065, 12015, 12012, 12076, 12071, 11972, 11993, 11910, 11969, 12120, 11876, 11923, 12108, 12134, 12045, 11865, 11955, 11905, 12075, 12093, 11876];

C1 = 670;
C2 = 1050;
C3 = 1420;
C4 = 1790;




