T = 50;

Demand = [502, 475, 459, 573, 559, 502, 567, 587, 486, 519, 554, 527, 533, 476, 406, 504, 411, 436, 471, 588, 574, 570, 451, 555, 526, 568, 547, 473, 439, 587, 576, 435, 529, 460, 423, 591, 559, 506, 450, 478, 596, 549, 427, 414, 489, 599, 404, 543, 542, 516];

p_t = [0.64, 0.76, 0.55, 0.6, 0.67, 0.54, 0.7, 0.6, 0.56, 0.56, 0.87, 0.52, 0.85, 0.82, 0.63, 0.7, 0.59, 0.55, 0.71, 0.99, 0.6, 0.69, 0.94, 0.64, 0.98, 0.57, 0.89, 0.75, 0.66, 0.89, 0.65, 0.57, 0.86, 0.79, 0.97, 0.84, 0.88, 0.98, 0.56, 0.53, 0.6, 0.84, 0.75, 0.79, 0.8, 0.68, 0.73, 0.96, 0.69, 0.66];

q1_t = [3055, 2873, 2855, 2945, 2911, 2921, 2950, 2942, 2992, 2998, 2883, 2988, 2904, 3101, 2990, 2930, 2923, 3014, 2918, 2995, 3135, 2948, 3033, 2944, 2944, 2995, 2893, 2991, 3049, 2891, 3142, 3146, 2910, 2939, 3054, 3005, 3128, 3030, 2959, 2972, 2915, 3010, 2948, 3002, 2860, 3043, 3048, 2962, 2963, 2921];

q2_t = [6165, 6168, 6115, 5910, 6085, 6044, 5857, 5879, 6176, 6135, 6103, 5957, 5890, 6000, 6125, 5894, 6032, 5927, 6186, 6150, 5930, 6045, 5923, 6072, 5853, 5887, 6032, 5860, 6123, 6123, 5862, 5863, 6032, 5932, 5961, 5967, 6068, 6171, 5971, 6165, 6017, 6034, 5886, 5968, 5869, 6135, 6193, 5896, 6086, 5903];

q3_t = [8847, 8850, 8840, 9121, 9009, 9200, 8886, 9107, 9076, 9191, 9146, 9133, 9147, 9037, 8997, 8976, 9119, 9118, 9132, 9114, 9120, 9162, 9023, 9046, 9116, 8994, 8956, 9083, 8820, 8885, 9056, 9122, 9037, 9191, 9158, 9050, 8911, 8887, 9116, 9053, 9114, 9060, 9194, 9097, 8843, 8802, 9125, 9195, 9122, 8805];

q4_t = [12064, 11969, 12042, 12005, 11955, 12141, 12142, 11885, 11928, 11930, 11871, 12025, 12027, 11996, 11952, 11930, 11888, 11951, 12061, 12067, 12078, 11972, 11863, 12004, 11866, 12036, 11957, 11927, 11995, 12004, 12025, 12018, 11867, 12122, 12121, 12145, 12116, 11970, 12036, 11982, 12103, 11856, 12150, 11984, 12028, 12113, 12096, 11920, 12008, 11887];

C1 = 470;
C2 = 850;
C3 = 1220;
C4 = 1510;




