T = 50;

Demand = [429, 555, 520, 455, 551, 419, 427, 410, 586, 525, 591, 500, 483, 599, 454, 575, 499, 530, 480, 583, 459, 548, 591, 478, 454, 476, 504, 527, 600, 486, 593, 571, 576, 489, 469, 508, 436, 496, 483, 580, 461, 407, 571, 439, 466, 459, 570, 581, 444, 589];

p_t = [0.57, 1, 0.66, 0.56, 0.9, 0.69, 0.54, 0.91, 0.96, 0.86, 0.55, 0.76, 0.73, 0.55, 0.98, 0.61, 0.91, 0.57, 0.88, 0.98, 0.83, 0.97, 0.99, 0.88, 0.8, 0.73, 0.88, 0.96, 0.88, 0.63, 0.6, 0.88, 0.98, 1, 0.69, 0.9, 0.6, 0.86, 0.62, 0.8, 0.8, 0.59, 0.81, 0.52, 0.95, 0.86, 0.93, 0.71, 0.87, 0.92];

q1_t = [2954, 3029, 2961, 2938, 3117, 2988, 3016, 2993, 3046, 2972, 3032, 3048, 3072, 2915, 3135, 3041, 2962, 2881, 2862, 2882, 2903, 2986, 3120, 3098, 2858, 2914, 2860, 2942, 2996, 3059, 2968, 2938, 3135, 2981, 3059, 3046, 3075, 3092, 2929, 2854, 2950, 2870, 2991, 2889, 2917, 2965, 2928, 3036, 3015, 2989];
q2_t = [6018, 6012, 6115, 5986, 6179, 5909, 6049, 6135, 6113, 6074, 6009, 5882, 6078, 6072, 6017, 6020, 6053, 6178, 6113, 6125, 6115, 5945, 5869, 5956, 6176, 6063, 6196, 6021, 5958, 5995, 6159, 5921, 5934, 5892, 6093, 6148, 6164, 5985, 6163, 5942, 5989, 5949, 6019, 5954, 5936, 6041, 6141, 6037, 6106, 6034];
q3_t = [8807, 8960, 9189, 8878, 9019, 8918, 9170, 9133, 8821, 8955, 9120, 9101, 8874, 8865, 8969, 9189, 9193, 9126, 8841, 9013, 9089, 8964, 8873, 9151, 9152, 9165, 8831, 9093, 9006, 9179, 9199, 9153, 9101, 8895, 8934, 8958, 8847, 8908, 8847, 9016, 9175, 8889, 9015, 9054, 9030, 9102, 9060, 8833, 9072, 9058];
q4_t = [12001, 12003, 11967, 12084, 11979, 12042, 11984, 11862, 12000, 12109, 11981, 11922, 11908, 12120, 11989, 12003, 11934, 12072, 12098, 12073, 12142, 12078, 11872, 11949, 11906, 11929, 12033, 12004, 11995, 11991, 11922, 12008, 12066, 11910, 11950, 12030, 11937, 11893, 12099, 11999, 12150, 11967, 11962, 11909, 11935, 11919, 11996, 11863, 12108, 12034];

C1 = 670;
C2 = 1050;
C3 = 1420;
C4 = 1790;




