T = 50;

Demand = [538, 529, 460, 441, 454, 476, 542, 589, 422, 568, 417, 496, 483, 513, 483, 416, 534, 597, 510, 452, 584, 443, 486, 506, 588, 500, 524, 595, 569, 503, 405, 574, 541, 422, 564, 410, 484, 575, 457, 506, 451, 598, 520, 598, 514, 514, 474, 481, 502, 494];

p_t = [0.93, 0.92, 0.81, 0.99, 0.97, 0.86, 0.69, 0.76, 0.73, 0.9, 0.99, 0.96, 0.76, 0.94, 0.86, 0.61, 0.95, 0.54, 0.94, 0.67, 0.72, 0.99, 0.67, 0.86, 0.85, 0.64, 0.64, 0.7, 1, 0.58, 0.74, 0.78, 0.64, 0.78, 0.98, 0.83, 0.94, 0.75, 0.88, 0.69, 0.83, 0.82, 0.68, 0.54, 0.62, 0.76, 0.85, 0.87, 0.78, 0.9];

q1_t = [2914, 2942, 3056, 2856, 3117, 2943, 3098, 2949, 3075, 3043, 2972, 3104, 2975, 3125, 3097, 2859, 3047, 3107, 2942, 2904, 2982, 3111, 2985, 2916, 2934, 2853, 3067, 3003, 2900, 2862, 2996, 2881, 3134, 3109, 3059, 2897, 2988, 2892, 2862, 3111, 3128, 3081, 2867, 3090, 3002, 3030, 3125, 2939, 3084, 2862];
q2_t = [5935, 5972, 5898, 6165, 6072, 5980, 6185, 6147, 6139, 5987, 6194, 6077, 6020, 5902, 6119, 6052, 6058, 6131, 6179, 5912, 6133, 6063, 5979, 5959, 5952, 6008, 6125, 5898, 5890, 6044, 5940, 6009, 5947, 6028, 6056, 6009, 5986, 6105, 5982, 5862, 5922, 6012, 6052, 6127, 5984, 6142, 6142, 6039, 6038, 6029];
q3_t = [8819, 8977, 9108, 9184, 9130, 8952, 8843, 8958, 9086, 8862, 8962, 9013, 9119, 9184, 9032, 9173, 9111, 9052, 8982, 9082, 9132, 9165, 9066, 8905, 8968, 8889, 8805, 9104, 9031, 9153, 8808, 8860, 8994, 8885, 8855, 8969, 8876, 9048, 8843, 9095, 8821, 9110, 8874, 8812, 9140, 8964, 8839, 9072, 9100, 9193];
q4_t = [12105, 11877, 12074, 12121, 12070, 12014, 12047, 11922, 11937, 11970, 11963, 11899, 11874, 12107, 12005, 11885, 11896, 11975, 11955, 12013, 12133, 12109, 12020, 12072, 11896, 12067, 12142, 12087, 11957, 12051, 12038, 12031, 11931, 12087, 12111, 12110, 12111, 12065, 12087, 12043, 12145, 11922, 12048, 12130, 12141, 11934, 11988, 12050, 12076, 12020];


C1 = 670;
C2 = 1050;
C3 = 1420;
C4 = 1790;




