T = 300;

Demand = [476, 418, 453, 583, 452, 536, 415, 561, 529, 453, 424, 535, 422, 444, 492, 495, 492, 430, 478, 515, 478, 425, 594, 475, 441, 520, 462, 588, 490, 538, 545, 475, 593, 411, 586, 553, 428, 464, 515, 590, 442, 554, 460, 528, 506, 590, 486, 440, 474, 434, 511, 464, 501, 428, 524, 545, 465, 542, 485, 422, 482, 528, 512, 543, 492, 562, 576, 496, 437, 482, 477, 495, 488, 530, 600, 548, 536, 415, 579, 458, 535, 414, 409, 418, 569, 596, 515, 576, 523, 456, 498, 537, 438, 466, 594, 559, 542, 468, 511, 591];

p_t = [0.56, 0.82, 0.72, 0.66, 0.71, 0.75, 0.9, 0.93, 0.96, 0.9, 0.96, 0.73, 0.99, 0.67, 0.6, 0.9, 0.71, 0.51, 0.85, 0.78, 0.7, 0.53, 0.66, 0.69, 0.87, 0.72, 0.84, 0.8, 0.55, 0.94, 0.53, 0.71, 0.53, 0.95, 0.99, 1, 0.8, 0.74, 0.55, 0.86, 0.99, 0.58, 0.94, 0.56, 0.84, 0.67, 0.93, 0.67, 0.81, 0.85, 0.81, 0.57, 0.57, 0.93, 0.88, 0.89, 0.98, 0.9, 0.78, 0.55, 0.71, 0.69, 0.84, 0.72, 0.64, 0.67, 0.81, 0.77, 0.82, 0.82, 0.98, 0.79, 0.8, 0.6, 0.62, 0.84, 0.68, 0.51, 0.62, 0.87, 0.63, 0.78, 0.6, 0.76, 0.67, 0.72, 0.67, 0.74, 0.65, 0.64, 0.56, 0.62, 0.74, 0.95, 0.64, 0.94, 0.95, 0.9, 0.84, 0.83];

q1_t = [3009, 2876, 2935, 3024, 2872, 2982, 2857, 2915, 2858, 3137, 2921, 2898, 3084, 3111, 3134, 2990, 3096, 3120, 2987, 2898, 3020, 3054, 3029, 3051, 3103, 2965, 3017, 3119, 3115, 3027, 2906, 3093, 2896, 3087, 3017, 2973, 2984, 2902, 2986, 2880, 3069, 3016, 2909, 2880, 2926, 2858, 3094, 2956, 3055, 2957, 2939, 2937, 3067, 2990, 2957, 2921, 3056, 2864, 2888, 3039, 3059, 3064, 2897, 3078, 2934, 3066, 2856, 2855, 2996, 2927, 3058, 2971, 2981, 2962, 2906, 3072, 3011, 2886, 2866, 3096, 2968, 3019, 2980, 3119, 2898, 2968, 2870, 2894, 3029, 3147, 3059, 3043, 2918, 3022, 2891, 3018, 3009, 3107, 2939, 2966];

q2_t = [5885, 6168, 6131, 6155, 5884, 6013, 5995, 6041, 5898, 6140, 6019, 6115, 6167, 5850, 5975, 6182, 5990, 6123, 5970, 5932, 5910, 6065, 5861, 5976, 6149, 6178, 6091, 6154, 6045, 6076, 6026, 5908, 5907, 6146, 6111, 6027, 6100, 6074, 6047, 6084, 5953, 6131, 5881, 5901, 5921, 5854, 6115, 5988, 5924, 6153, 5891, 5883, 6029, 6095, 5867, 5889, 6097, 6104, 5958, 5874, 5948, 6053, 6072, 6091, 6184, 6085, 5871, 5928, 6020, 6011, 6065, 6124, 6162, 5914, 6121, 6064, 6119, 5921, 5940, 6027, 6026, 5891, 6198, 6166, 5947, 6069, 6143, 5952, 5877, 6134, 6101, 6018, 5962, 6056, 6063, 6196, 5911, 5974, 6095, 6052];

q3_t = [8927, 8966, 9080, 8860, 9108, 9151, 8924, 8904, 9160, 9074, 8830, 8879, 9072, 9103, 8902, 9019, 8864, 8971, 9116, 8836, 9077, 9041, 9027, 8993, 9092, 8905, 8964, 9075, 8914, 9007, 9061, 8972, 9033, 9082, 8967, 9127, 9177, 8983, 9140, 9053, 9139, 9026, 8931, 9058, 8985, 8800, 8886, 8888, 8810, 8862, 9175, 9057, 8918, 8837, 9200, 9069, 9077, 9092, 9005, 8838, 9025, 9119, 8933, 9042, 8898, 9011, 8863, 8951, 9183, 8905, 8878, 9081, 9053, 8881, 9086, 8933, 9104, 9146, 8996, 8877, 8927, 9027, 9126, 8927, 8884, 9120, 8854, 9118, 8897, 8861, 9131, 8828, 8871, 9050, 8961, 9074, 9119, 8911, 8915, 8995];


C1 = 670;
C2 = 1050;
C3 = 1420;




