T = 300;

Demand = [536, 448, 449, 467, 430, 435, 538, 566, 458, 443, 407, 469, 525, 549, 476, 529, 490, 490, 483, 423, 468, 529, 447, 530, 475, 534, 481, 596, 439, 541, 589, 508, 474, 537, 427, 497, 434, 448, 446, 407, 417, 494, 463, 426, 444, 538, 567, 526, 417, 541, 445, 421, 504, 504, 529, 429, 449, 501, 526, 468, 599, 455, 445, 483, 457, 485, 492, 502, 555, 486, 416, 421, 486, 552, 403, 423, 490, 515, 540, 516, 429, 539, 498, 582, 596, 407, 558, 419, 444, 538, 415, 455, 587, 486, 543, 518, 408, 569, 479, 433];

p_t = [0.57, 0.64, 0.65, 0.94, 0.97, 0.67, 0.72, 0.66, 0.86, 0.92, 0.96, 0.65, 0.63, 0.9, 0.9, 0.58, 0.85, 0.53, 0.72, 0.64, 0.93, 0.64, 0.93, 0.53, 0.8, 0.56, 0.51, 0.74, 0.58, 0.9, 0.55, 0.72, 0.52, 0.92, 0.85, 0.59, 0.95, 0.55, 0.85, 0.78, 0.83, 0.92, 1, 0.93, 0.54, 0.95, 0.59, 0.71, 0.6, 0.8, 0.96, 0.95, 0.62, 0.83, 0.99, 0.52, 0.88, 0.65, 0.76, 0.72, 0.91, 0.62, 0.59, 0.69, 0.79, 0.64, 0.73, 0.88, 0.85, 0.93, 0.96, 0.81, 0.81, 0.82, 0.68, 0.56, 1, 0.73, 0.74, 0.6, 0.7, 0.75, 0.66, 0.95, 0.7, 0.6, 0.59, 0.72, 0.63, 0.79, 0.64, 0.61, 0.54, 0.68, 0.89, 0.97, 0.89, 0.57, 0.78, 0.95];

q1_t = [2858, 2949, 3027, 2855, 3117, 3056, 3054, 3039, 3119, 2979, 3004, 3135, 2879, 3043, 2878, 3010, 3078, 2986, 2935, 2895, 2997, 3087, 2948, 2961, 2899, 3106, 3016, 2886, 2987, 2926, 3052, 3054, 3097, 3088, 3018, 3018, 3147, 3009, 3022, 3042, 3139, 2881, 3142, 2895, 2989, 2979, 3129, 3040, 3134, 3036, 3109, 3060, 3026, 2935, 3065, 3039, 3103, 3057, 2932, 3068, 3140, 2899, 2902, 2990, 2857, 3036, 2923, 2970, 3150, 3022, 3113, 2933, 2852, 3011, 2877, 2907, 2950, 2910, 2976, 2864, 3117, 3102, 3073, 3039, 2920, 2927, 2870, 3118, 3138, 2906, 2946, 3104, 3112, 3027, 2966, 3013, 2961, 2943, 2876, 2895];

q2_t = [6191, 5923, 5912, 5918, 6048, 5974, 5872, 6196, 6102, 5959, 5937, 6097, 6182, 5910, 5897, 5967, 5917, 6178, 6129, 5905, 6198, 5905, 5935, 6067, 6119, 6090, 5920, 5960, 5963, 6195, 6127, 6021, 6094, 6199, 5938, 6123, 5870, 6184, 6043, 5929, 5943, 5914, 5891, 5888, 6054, 5928, 6095, 6145, 6144, 5974, 5861, 6170, 5920, 6157, 6141, 6173, 6163, 6134, 6115, 5897, 6079, 5913, 5900, 6021, 6117, 5939, 6055, 6184, 5899, 6006, 6140, 6043, 6098, 6197, 6124, 5933, 6155, 5960, 6179, 6165, 6173, 6006, 5953, 6078, 5869, 5861, 6093, 6183, 6132, 6006, 6102, 6008, 5899, 6174, 5916, 5958, 5897, 5979, 6072, 5857];

q3_t = [9037, 8847, 8992, 9012, 8897, 8812, 9016, 8865, 9110, 8850, 9160, 9005, 8874, 8850, 9180, 8943, 9142, 9022, 8922, 8990, 9061, 9179, 9136, 8915, 9057, 8889, 9179, 9148, 8915, 8953, 9014, 8971, 9077, 8981, 8982, 9116, 9075, 9128, 8882, 9085, 8918, 8876, 9158, 9185, 8895, 9094, 9089, 8944, 9168, 8898, 8902, 8810, 8803, 9081, 8863, 8996, 8891, 8949, 9087, 8832, 8881, 9134, 8839, 9165, 8855, 9042, 8914, 9087, 8869, 8825, 9133, 9038, 9147, 9014, 9149, 9159, 9051, 9184, 9129, 8820, 8898, 8944, 8880, 8988, 8951, 9173, 9197, 8923, 8922, 8877, 8908, 9033, 8937, 8847, 8852, 9046, 8834, 9026, 9012, 8830];


C1 = 790;
C2 = 1150;
C3 = 1570;


