T = 300;

Demand = [570, 464, 448, 559, 570, 523, 473, 490, 462, 586, 600, 491, 482, 591, 514, 468, 555, 419, 504, 597, 402, 443, 547, 536, 467, 410, 400, 439, 474, 400, 462, 536, 433, 459, 582, 549, 442, 526, 472, 526, 454, 427, 476, 530, 567, 439, 595, 506, 581, 422, 585, 597, 498, 461, 402, 472, 527, 494, 435, 541, 423, 410, 538, 530, 440, 514, 501, 449, 571, 574, 507, 459, 436, 452, 425, 449, 525, 456, 472, 480, 404, 554, 477, 413, 587, 442, 527, 593, 587, 571, 594, 478, 544, 567, 528, 569, 454, 553, 464, 430];

p_t = [0.59, 0.53, 0.78, 0.52, 0.97, 0.63, 0.51, 0.53, 0.79, 0.58, 0.66, 0.58, 0.78, 0.52, 0.61, 0.92, 0.5, 0.92, 0.54, 0.59, 0.62, 0.66, 0.83, 0.88, 0.66, 0.72, 0.57, 0.79, 1, 0.72, 0.75, 0.54, 0.86, 0.78, 0.73, 0.96, 0.99, 0.53, 0.62, 0.97, 0.5, 0.6, 0.76, 0.54, 0.74, 0.57, 0.86, 0.87, 0.85, 0.74, 0.77, 0.97, 0.53, 0.65, 0.66, 0.82, 0.72, 0.97, 1, 0.92, 0.55, 0.84, 0.81, 0.51, 0.91, 0.88, 0.71, 0.91, 0.58, 0.69, 0.51, 0.55, 0.79, 0.68, 0.69, 0.8, 0.98, 0.62, 0.6, 0.92, 0.68, 0.97, 0.93, 0.66, 0.55, 0.6, 0.76, 0.82, 0.73, 0.57, 0.73, 0.65, 0.56, 0.93, 0.9, 0.73, 0.78, 0.72, 0.53, 0.88];

q1_t = [2955, 3047, 2896, 2868, 2926, 2905, 2911, 2974, 3045, 2869, 2963, 2865, 3124, 2932, 3014, 2913, 2877, 3112, 2880, 2988, 3096, 2943, 3128, 3145, 2951, 2931, 2901, 3095, 3080, 2864, 3002, 3038, 3034, 2926, 3073, 3113, 2871, 2887, 3145, 3148, 3048, 2974, 2974, 2929, 3101, 3136, 2866, 2865, 2997, 3067, 3043, 2954, 3144, 2968, 2866, 3148, 3005, 2948, 2895, 3098, 2866, 2862, 2875, 2996, 2903, 3095, 3067, 3017, 3114, 3053, 3070, 3070, 2891, 2955, 2878, 3107, 2952, 3106, 3041, 3109, 3021, 3081, 3062, 2926, 2940, 2986, 3037, 3099, 2900, 2865, 3072, 2898, 3030, 3028, 2982, 2946, 3002, 3085, 2912, 2995];

q2_t = [5852, 6166, 5881, 6196, 6079, 5867, 5969, 6100, 5934, 6116, 5916, 6058, 6085, 6086, 6071, 6155, 5914, 5974, 5985, 6076, 6179, 5886, 6115, 6053, 5858, 5971, 6067, 6003, 6083, 6076, 6064, 5902, 5913, 5882, 6131, 5970, 6137, 5901, 5958, 6111, 5972, 6011, 6112, 6067, 6153, 5960, 5957, 6023, 6166, 6186, 5979, 5976, 6174, 5867, 5974, 6035, 6175, 6061, 6197, 6087, 6149, 5853, 5991, 5875, 5911, 6009, 5890, 5871, 6163, 5953, 6165, 6180, 5889, 6002, 6123, 6095, 5873, 6133, 6033, 5943, 6100, 5891, 5914, 6148, 5920, 6161, 6028, 6150, 6066, 6071, 5957, 5893, 6119, 6149, 5899, 6161, 6056, 5907, 6079, 5945];

q3_t = [8824, 8813, 8948, 9072, 9035, 9110, 8951, 9177, 8919, 8887, 8802, 9179, 8812, 8972, 9031, 9094, 9083, 9138, 8903, 8866, 9056, 9184, 9086, 9094, 8980, 9062, 9124, 9129, 9023, 9014, 8804, 8991, 9194, 9142, 9080, 8871, 8931, 9140, 9060, 9192, 9012, 8815, 9139, 9140, 9174, 9165, 8954, 8879, 9123, 9175, 9083, 8803, 9082, 9033, 9144, 8827, 9024, 8955, 8914, 8805, 8938, 9047, 9004, 8813, 8810, 8901, 8827, 8909, 8818, 8913, 8932, 9024, 9061, 8889, 8963, 8870, 8907, 8975, 8847, 8902, 9128, 8883, 8936, 8889, 8862, 8910, 8831, 9173, 8822, 9025, 8972, 8848, 8818, 9178, 9134, 9168, 9066, 8870, 9166, 8862];


C1 = 790;
C2 = 1150;
C3 = 1570;


