T = 300;

Demand = [517, 544, 570, 556, 426, 430, 591, 598, 584, 402, 593, 506, 408, 424, 406, 574, 455, 544, 563, 443, 509, 419, 536, 558, 427, 505, 583, 591, 543, 443, 551, 467, 456, 564, 536, 574, 534, 436, 450, 577, 520, 427, 549, 445, 579, 582, 456, 407, 484, 598, 461, 436, 410, 406, 448, 463, 556, 582, 525, 534, 495, 567, 509, 552, 500, 439, 449, 565, 407, 532, 516, 405, 494, 438, 566, 563, 536, 443, 569, 546, 518, 465, 441, 445, 410, 456, 495, 578, 539, 552, 470, 499, 532, 474, 506, 407, 467, 461, 522, 520];

p_t = [0.83, 0.91, 0.65, 0.51, 0.58, 0.8, 0.91, 0.65, 0.95, 0.83, 0.71, 0.83, 0.56, 0.55, 0.59, 0.76, 0.89, 0.89, 0.87, 0.73, 0.57, 0.9, 0.62, 0.86, 0.98, 0.91, 0.93, 0.83, 0.91, 0.98, 0.74, 0.65, 0.79, 0.54, 0.64, 0.55, 0.83, 0.9, 0.95, 0.93, 0.8, 0.78, 0.99, 0.79, 0.62, 0.56, 0.57, 0.98, 0.98, 0.84, 0.95, 0.76, 0.64, 0.95, 0.65, 0.92, 0.82, 0.55, 0.96, 0.76, 0.8, 0.53, 0.85, 0.88, 0.8, 0.59, 0.72, 0.92, 0.81, 0.76, 0.81, 0.52, 0.51, 0.88, 0.76, 0.9, 0.83, 0.7, 0.84, 0.59, 1, 0.57, 0.73, 0.63, 0.75, 0.61, 1, 0.59, 0.95, 0.52, 0.61, 0.68, 0.58, 0.91, 0.71, 0.64, 1, 0.54, 0.6, 0.92];

q1_t = [3116, 2887, 3118, 2877, 3028, 2960, 2997, 2899, 2906, 2966, 3096, 3052, 2861, 2982, 2862, 3085, 2895, 2918, 3142, 2924, 2970, 3091, 3034, 3105, 2894, 3129, 3040, 2863, 3082, 3069, 3078, 3145, 2902, 2902, 3041, 3077, 3138, 2935, 3128, 3016, 3040, 3147, 3035, 2920, 3056, 2914, 2972, 3116, 2994, 3007, 2883, 3091, 3020, 3000, 3099, 3038, 2982, 2854, 3125, 3044, 3066, 2893, 3074, 2920, 3106, 3117, 2977, 3040, 2857, 2907, 3114, 3140, 2955, 3047, 3042, 3134, 3132, 3044, 3047, 2874, 3129, 3035, 2910, 3145, 2854, 2974, 2952, 2911, 3129, 3124, 2993, 3008, 2901, 2951, 2904, 3000, 3123, 2902, 3044, 2935];

q2_t = [6167, 6167, 5953, 5883, 6150, 6143, 6050, 5927, 6019, 5886, 5925, 6053, 6071, 5933, 5968, 6029, 6060, 5945, 5988, 5942, 5903, 6152, 5879, 6017, 5857, 5958, 6171, 6105, 5968, 6071, 6051, 5910, 6191, 5971, 6190, 6066, 6063, 6054, 6014, 5861, 6080, 6001, 5920, 6106, 6095, 6006, 5872, 6002, 6115, 6049, 5990, 5923, 6149, 6059, 6047, 5923, 6009, 5995, 5899, 6105, 6035, 6037, 5985, 6122, 6016, 5947, 6042, 6048, 6066, 5943, 6126, 6094, 6064, 5958, 6112, 6114, 5869, 6118, 5996, 5972, 6026, 5918, 6084, 5912, 6097, 5907, 5885, 5975, 6115, 6122, 6019, 6159, 6062, 6119, 5859, 6198, 5935, 6092, 6020, 6061];

q3_t = [8904, 9102, 8970, 9196, 9025, 9034, 8997, 8879, 8888, 8989, 8870, 8876, 9013, 9134, 8831, 8943, 9040, 8958, 8803, 8997, 9125, 9126, 9040, 9137, 8984, 9149, 8877, 8805, 8847, 9103, 9158, 8973, 8824, 8962, 8998, 8905, 8998, 8963, 8853, 8883, 9011, 8914, 9138, 8978, 9158, 8823, 9139, 9011, 9018, 8952, 8924, 9016, 9167, 8884, 9017, 9142, 8942, 9123, 8995, 8979, 8927, 8990, 8927, 8893, 8900, 8913, 8991, 8866, 9095, 9145, 9048, 9184, 9035, 8931, 8960, 9123, 9171, 9175, 8888, 8869, 9148, 8902, 8962, 8824, 9151, 9126, 9051, 9176, 8976, 9109, 8916, 8910, 8946, 8836, 8881, 9079, 9144, 8831, 9092, 8874];


C1 = 970;
C2 = 1690;
C3 = 2620;
