T = 300;

Demand = [496, 571, 479, 527, 453, 458, 434, 552, 447, 473, 504, 459, 544, 564, 471, 483, 534, 457, 507, 435, 559, 557, 575, 578, 535, 587, 558, 442, 576, 568, 516, 535, 488, 464, 512, 529, 421, 597, 515, 487, 589, 578, 522, 445, 555, 471, 495, 523, 573, 495, 437, 403, 475, 415, 540, 560, 571, 412, 499, 599, 523, 528, 456, 457, 571, 554, 505, 520, 574, 511, 557, 491, 515, 488, 576, 523, 409, 424, 429, 460, 534, 488, 561, 403, 510, 433, 582, 564, 505, 498, 476, 561, 439, 563, 450, 438, 535, 598, 541, 524];

p_t = [0.63, 0.82, 0.85, 0.84, 0.67, 0.95, 0.69, 0.7, 0.54, 0.88, 0.73, 0.58, 0.7, 0.92, 0.74, 0.89, 0.93, 0.66, 0.73, 0.59, 0.64, 0.69, 0.99, 0.98, 0.6, 0.57, 0.6, 0.55, 0.71, 0.55, 0.61, 0.83, 0.67, 0.86, 0.89, 0.52, 0.76, 0.62, 0.58, 0.7, 0.63, 0.56, 0.9, 0.87, 0.54, 0.86, 0.63, 0.61, 0.67, 0.96, 0.6, 0.66, 0.59, 0.79, 0.7, 0.71, 0.55, 0.85, 0.75, 0.9, 0.77, 0.87, 0.84, 0.98, 0.94, 0.65, 0.65, 0.7, 0.93, 0.64, 0.67, 0.55, 0.92, 0.94, 0.95, 0.81, 0.58, 0.64, 0.94, 0.5, 0.54, 0.61, 0.68, 0.61, 0.73, 0.98, 0.54, 0.84, 0.89, 0.53, 0.76, 0.86, 0.66, 0.93, 0.73, 0.71, 0.91, 0.64, 0.97, 0.9];

q1_t = [3124, 2936, 3071, 3118, 3035, 3060, 3095, 2948, 2901, 3035, 3148, 3106, 2985, 2920, 3091, 3135, 3037, 3025, 3079, 2911, 2913, 2945, 3145, 2863, 3086, 3097, 3104, 3013, 2989, 3095, 3019, 3024, 2988, 3034, 3092, 2894, 2886, 2994, 2902, 3016, 3049, 3107, 2872, 3109, 3118, 3115, 3101, 2984, 3054, 3093, 2897, 3143, 3085, 3142, 3115, 3000, 2986, 2930, 2894, 3065, 2910, 3057, 2942, 3100, 3096, 2939, 2892, 3069, 3041, 3045, 2857, 3071, 2959, 2903, 3088, 2963, 3080, 2876, 3078, 3004, 2973, 2884, 3082, 3104, 3034, 3100, 3081, 2933, 3064, 3015, 2939, 3147, 3118, 2974, 3071, 3140, 2915, 2869, 2874, 3128];

q2_t = [5905, 5983, 6193, 6055, 6080, 6143, 6057, 5911, 6170, 5893, 6160, 5868, 6034, 5946, 6126, 5907, 6110, 5949, 5963, 5947, 6113, 6153, 6108, 6008, 5893, 6095, 6038, 5852, 6153, 6104, 6083, 5882, 6045, 6068, 6040, 6132, 6083, 5974, 6143, 6021, 5913, 6126, 6154, 6100, 6052, 6017, 6139, 6100, 6081, 6131, 5959, 6008, 5888, 6075, 5952, 5969, 5958, 6199, 5916, 6003, 6197, 5893, 6154, 5896, 6187, 6084, 6111, 6017, 5899, 6018, 6143, 6196, 6112, 5981, 6032, 6061, 6180, 5962, 6094, 5860, 6050, 5856, 5997, 6103, 6199, 6139, 5977, 6038, 5917, 6113, 5852, 5912, 6067, 5980, 6066, 5919, 5854, 5911, 5992, 5875];

q3_t = [9158, 8979, 9086, 9195, 9006, 9071, 8909, 9041, 9030, 9065, 9103, 9094, 9031, 9012, 8910, 9085, 9085, 9049, 8834, 9031, 9036, 9100, 8865, 9043, 8997, 9103, 9123, 9031, 8859, 8967, 8967, 8951, 9106, 9026, 8956, 9064, 9181, 8866, 9005, 9079, 8950, 9137, 9004, 8943, 9197, 8927, 9168, 8873, 8938, 8860, 9093, 8990, 8828, 9117, 9200, 8800, 8956, 8839, 8919, 9125, 8871, 8971, 9142, 8940, 9176, 9105, 8969, 9153, 9156, 9183, 9105, 9097, 8948, 8812, 9154, 8813, 8882, 8972, 8937, 9161, 9077, 9109, 8996, 8943, 9089, 8928, 9186, 9005, 9192, 8826, 8957, 9188, 9129, 8965, 9021, 8950, 9004, 8806, 8852, 8829];


C1 = 670;
C2 = 1050;
C3 = 1420;

