T = 300;

Demand = [588, 561, 433, 550, 550, 438, 422, 411, 459, 486, 582, 463, 588, 501, 504, 440, 417, 565, 477, 453, 446, 592, 551, 419, 514, 467, 466, 452, 530, 428, 544, 450, 413, 588, 493, 553, 537, 421, 482, 480, 535, 469, 420, 417, 431, 501, 528, 452, 452, 502, 446, 475, 468, 511, 543, 538, 542, 543, 548, 426, 556, 575, 517, 531, 530, 579, 431, 421, 461, 522, 465, 580, 415, 494, 517, 457, 515, 590, 497, 405, 428, 540, 457, 401, 528, 405, 539, 508, 584, 564, 551, 515, 570, 598, 448, 478, 571, 561, 460, 476];

p_t = [1, 0.61, 0.55, 0.54, 0.74, 0.56, 0.81, 0.92, 0.57, 0.58, 0.56, 0.98, 0.57, 0.65, 0.66, 0.85, 0.98, 0.95, 0.78, 0.8, 0.6, 0.69, 0.81, 0.89, 0.88, 0.94, 0.52, 0.98, 0.58, 0.85, 0.84, 0.82, 0.66, 0.63, 0.91, 0.65, 0.66, 0.63, 0.84, 0.76, 0.84, 0.82, 0.64, 0.72, 0.64, 0.56, 0.89, 0.97, 0.81, 0.92, 0.75, 0.97, 0.68, 0.81, 0.79, 0.86, 0.64, 0.61, 0.77, 0.82, 0.68, 0.73, 0.57, 0.63, 0.75, 0.9, 0.52, 0.75, 0.74, 0.91, 0.79, 0.6, 0.65, 0.74, 0.88, 0.66, 0.68, 0.69, 0.5, 0.8, 0.84, 0.54, 0.57, 0.68, 0.85, 0.66, 0.82, 0.86, 0.86, 0.51, 0.62, 0.71, 0.68, 0.56, 0.79, 0.95, 0.59, 0.64, 0.57, 0.63];

q1_t = [2997, 3068, 3109, 3127, 3103, 2904, 2996, 3047, 2998, 2866, 3012, 2852, 3080, 2955, 2952, 3056, 2991, 2938, 2926, 2900, 3078, 2994, 2957, 3041, 2907, 2981, 2859, 3076, 3083, 3042, 3098, 2982, 3047, 2897, 3111, 2943, 2957, 3113, 3072, 2923, 2892, 2929, 2926, 3098, 3001, 2873, 3025, 3056, 2961, 3111, 2981, 2855, 3001, 2866, 3062, 3114, 3017, 3018, 3127, 3141, 3026, 2977, 2908, 2934, 2906, 3048, 2997, 2854, 2943, 2941, 3111, 3126, 3146, 3131, 3001, 3032, 3091, 3065, 3018, 2923, 2970, 3022, 2975, 2945, 3147, 2879, 2887, 2857, 3006, 3039, 2974, 3075, 3082, 3122, 3063, 2904, 3028, 3094, 2913, 3133];

q2_t = [6047, 6028, 6097, 5944, 6040, 6071, 6153, 5956, 6083, 6097, 6199, 5963, 6011, 6161, 5924, 6003, 6112, 6100, 6185, 6149, 6180, 5900, 5857, 5886, 6144, 5951, 5932, 6120, 6145, 5992, 5900, 5993, 6177, 6115, 6047, 5970, 6145, 6063, 6062, 6095, 5942, 6177, 5854, 6154, 5905, 5966, 6039, 6151, 6100, 6026, 6006, 6102, 5902, 6068, 6046, 6009, 5928, 5924, 6030, 6180, 5943, 6046, 5881, 5901, 5999, 6046, 5879, 5922, 6054, 5853, 6160, 6028, 5913, 5855, 6011, 5939, 6197, 6170, 5979, 6000, 5968, 6104, 5900, 6198, 6029, 6046, 6114, 5853, 5944, 5898, 5852, 5873, 6027, 5851, 6200, 5985, 6064, 6090, 5912, 5998];

q3_t = [8944, 9026, 8902, 9169, 8982, 9049, 8883, 9164, 9048, 9196, 8890, 8930, 9081, 9182, 9158, 8958, 8863, 9175, 9090, 8824, 9090, 9193, 8881, 9180, 8939, 8898, 8996, 8910, 8998, 9028, 8949, 9038, 8859, 8903, 8939, 8907, 9145, 9096, 8974, 9033, 9059, 9099, 9057, 9096, 9121, 9138, 8809, 8975, 9197, 8904, 9114, 8862, 8948, 9172, 8935, 9161, 9139, 9031, 8809, 9032, 9085, 9073, 9016, 9088, 9054, 9123, 8994, 8919, 8878, 9114, 9178, 8847, 9099, 8913, 9173, 8840, 9153, 9033, 8941, 8809, 9019, 9021, 9080, 8890, 9093, 8898, 8970, 9003, 9025, 9012, 8862, 9133, 9108, 9117, 9014, 9040, 8943, 8951, 9033, 8949];


C1 = 870;
C2 = 1450;
C3 = 1920;
