T = 300;

Demand = [408, 429, 518, 513, 526, 517, 593, 490, 554, 558, 469, 490, 497, 413, 457, 542, 476, 554, 471, 599, 441, 517, 451, 528, 449, 414, 550, 497, 534, 570, 463, 549, 540, 425, 441, 543, 425, 585, 448, 429, 468, 592, 536, 598, 546, 442, 409, 521, 447, 584, 566, 408, 484, 490, 492, 562, 537, 463, 508, 569, 477, 425, 460, 495, 469, 563, 502, 542, 454, 488, 427, 488, 462, 536, 453, 404, 506, 521, 534, 415, 574, 579, 495, 485, 445, 512, 528, 446, 569, 590, 456, 589, 431, 487, 427, 461, 478, 510, 549, 463];

p_t = [0.82, 0.62, 0.77, 0.88, 0.51, 0.65, 0.9, 0.92, 0.86, 0.79, 0.75, 0.8, 0.76, 0.88, 0.82, 0.77, 0.72, 0.74, 0.6, 0.54, 0.56, 0.92, 0.85, 1, 0.8, 0.84, 0.78, 0.84, 0.72, 0.98, 0.59, 0.77, 0.87, 0.58, 0.85, 0.64, 0.6, 0.58, 0.93, 0.73, 0.87, 0.52, 0.5, 0.5, 0.67, 0.62, 0.97, 0.85, 0.63, 0.98, 0.89, 0.55, 0.72, 0.54, 0.74, 0.56, 0.85, 0.78, 0.7, 0.96, 0.65, 0.86, 0.95, 0.93, 0.56, 0.84, 0.87, 0.97, 0.74, 0.61, 0.97, 0.78, 0.89, 0.83, 0.88, 0.83, 0.82, 0.59, 0.94, 0.97, 0.65, 0.56, 0.77, 0.94, 0.63, 0.82, 0.61, 0.84, 0.61, 0.75, 0.64, 0.91, 0.89, 0.62, 0.67, 0.6, 0.73, 0.96, 0.56, 0.64];

q1_t = [2996, 3082, 3150, 2963, 3023, 3078, 2902, 2862, 3149, 2945, 2894, 2917, 3050, 3012, 2925, 3131, 2873, 3094, 2962, 2908, 3101, 2934, 2888, 3122, 2881, 3043, 2985, 3145, 2988, 3051, 2863, 3134, 3067, 2996, 2888, 2942, 3040, 2996, 2860, 3075, 3065, 3034, 2994, 2950, 3009, 3061, 3071, 3036, 2892, 3095, 3030, 2883, 3101, 3069, 2999, 2965, 3121, 2896, 3121, 3091, 3119, 2948, 3019, 2971, 2975, 2959, 3067, 3111, 3131, 2874, 3014, 2933, 2931, 2929, 3032, 3104, 2897, 3044, 3036, 2868, 3090, 3107, 2886, 3033, 3128, 3107, 2902, 3132, 2938, 2952, 3148, 2884, 2942, 2875, 3066, 2875, 3019, 2980, 3094, 3049];

q2_t = [6019, 6144, 6111, 6039, 6172, 5957, 6182, 6152, 6063, 5899, 6074, 6053, 5983, 6068, 6086, 6013, 5993, 5913, 5869, 6018, 6145, 6195, 6118, 5994, 5913, 5892, 6180, 6110, 6160, 5899, 5965, 5874, 5952, 6134, 6145, 5882, 5986, 5868, 5977, 6195, 5865, 5966, 5924, 6196, 6136, 6016, 6024, 5892, 6151, 6008, 6012, 5879, 5950, 5954, 5911, 5971, 5894, 6061, 5991, 5935, 6149, 6124, 6090, 5900, 5923, 5861, 5857, 6094, 5888, 5994, 6189, 5877, 5859, 6139, 6046, 5886, 6046, 6086, 6188, 6088, 6167, 6195, 5942, 6101, 6033, 6007, 6103, 6167, 6128, 6120, 6153, 5987, 6125, 6133, 6100, 6144, 5956, 6063, 5948, 5865];

q3_t = [8873, 8821, 8877, 8965, 9063, 8852, 8852, 9164, 8830, 8816, 9163, 9069, 9015, 9174, 9108, 9129, 9061, 8984, 8842, 8999, 9042, 9156, 9049, 9167, 8871, 9077, 9018, 9142, 8955, 9070, 8851, 9042, 8869, 8802, 9101, 9161, 8944, 8822, 9004, 9096, 9029, 9023, 8931, 8800, 8875, 8841, 9070, 8811, 8871, 9050, 8819, 8850, 8853, 9032, 9181, 9002, 9186, 8887, 8830, 8936, 8977, 8813, 8848, 8945, 9047, 9001, 8986, 8874, 9020, 9076, 8820, 9068, 9120, 9027, 8904, 8920, 9099, 9084, 9144, 9066, 9160, 8818, 9174, 8801, 9179, 9080, 9063, 8819, 9024, 8930, 8987, 9106, 8852, 8959, 9087, 9004, 8848, 8803, 9188, 8930];


C1 = 670;
C2 = 1050;
C3 = 1420;


