T = 300;

Demand = [550, 491, 582, 404, 469, 508, 413, 523, 568, 594, 492, 570, 564, 503, 576, 557, 416, 511, 450, 464, 534, 446, 523, 425, 557, 492, 425, 578, 550, 591, 580, 491, 503, 535, 504, 500, 424, 464, 496, 436, 466, 590, 585, 521, 416, 512, 499, 542, 575, 404, 480, 475, 430, 450, 474, 540, 481, 435, 526, 485, 430, 595, 510, 413, 546, 481, 511, 593, 584, 550, 462, 481, 474, 543, 411, 438, 523, 529, 489, 484, 457, 513, 532, 478, 590, 507, 490, 468, 469, 421, 527, 460, 477, 513, 435, 414, 408, 561, 405, 510];

p_t = [0.77, 0.76, 0.74, 0.6, 0.74, 0.82, 0.82, 0.74, 0.96, 0.85, 0.64, 0.78, 0.8, 0.97, 0.52, 0.64, 0.69, 0.55, 0.57, 0.77, 0.78, 0.94, 0.99, 0.63, 0.58, 0.76, 0.97, 0.52, 0.54, 0.52, 0.5, 0.51, 0.79, 0.62, 0.76, 0.92, 0.76, 0.93, 0.53, 0.97, 0.79, 0.99, 0.78, 0.99, 0.94, 0.79, 0.57, 0.81, 0.81, 0.79, 0.67, 0.91, 0.76, 0.67, 0.67, 0.97, 0.82, 0.61, 0.56, 0.67, 0.98, 0.81, 0.82, 0.54, 0.76, 0.55, 0.76, 0.6, 0.83, 0.64, 0.66, 0.82, 0.96, 0.7, 0.75, 0.8, 0.53, 0.71, 0.55, 0.73, 0.78, 0.93, 0.76, 0.54, 0.98, 0.8, 0.99, 0.93, 0.56, 0.63, 0.87, 0.51, 0.99, 0.91, 0.88, 0.89, 0.68, 0.64, 0.76, 0.53];

q1_t = [2895, 3109, 2947, 3020, 3131, 2993, 3145, 3075, 2991, 3117, 3145, 2868, 2893, 3046, 2926, 2862, 2994, 2878, 2972, 2997, 2982, 3020, 3108, 3058, 2882, 2916, 2965, 2851, 3136, 2862, 2946, 3057, 2916, 2983, 3079, 3010, 3000, 2944, 2863, 3052, 3030, 3080, 3005, 2916, 3106, 2976, 2854, 2859, 3102, 3044, 2957, 3048, 2935, 2976, 3083, 2988, 2921, 2937, 2873, 2920, 3096, 3066, 2902, 2934, 2920, 3043, 3050, 2987, 2965, 3048, 3046, 3078, 2864, 3067, 3043, 2933, 2957, 2978, 2891, 2951, 2881, 3138, 3074, 3130, 3070, 2927, 3149, 2984, 2877, 3136, 2877, 3034, 3105, 3043, 2881, 3114, 2927, 3079, 3089, 3068];

q2_t = [6143, 5954, 6078, 6115, 5875, 6103, 5875, 6087, 6011, 5917, 6119, 5892, 5973, 5899, 6169, 6162, 5916, 5931, 6011, 5998, 5919, 6168, 6165, 6069, 6107, 6156, 5931, 6170, 5919, 6149, 6133, 6144, 6195, 6128, 5858, 6148, 5997, 6054, 6120, 6155, 6023, 5922, 6159, 5926, 6110, 5892, 6182, 6092, 6013, 5908, 6084, 6139, 5907, 6156, 6140, 6011, 5932, 6199, 5932, 6080, 6017, 6146, 6152, 6112, 5879, 5965, 5985, 6012, 6069, 6127, 6027, 6066, 6083, 6071, 6071, 6142, 5994, 6070, 5989, 5936, 6153, 6032, 5945, 5965, 6175, 6166, 6069, 6018, 5946, 5989, 6083, 6032, 6047, 5896, 6157, 5960, 5924, 5889, 6041, 6089];

q3_t = [9073, 9125, 8890, 8845, 9034, 9126, 9121, 9188, 9183, 9057, 8989, 9181, 9082, 8946, 9077, 8839, 9134, 9182, 8854, 9194, 8911, 9071, 8818, 8941, 9195, 8977, 8940, 8988, 8955, 8891, 8936, 8882, 9101, 9120, 9172, 8872, 9191, 9059, 9080, 9155, 9143, 8900, 8804, 8981, 8979, 8833, 8949, 8917, 8981, 8920, 9198, 9073, 9159, 9103, 8827, 8981, 8952, 9190, 8940, 9198, 8913, 8981, 9031, 9066, 9067, 9156, 9117, 8873, 9092, 8911, 9172, 9072, 8943, 9175, 8970, 9048, 9045, 9151, 9173, 9086, 8889, 9178, 8955, 9156, 8877, 8869, 9034, 9162, 9009, 9117, 9179, 8906, 8814, 9115, 8992, 9048, 9107, 8860, 8809, 8827];


C1 = 870;
C2 = 1450;
C3 = 1920;





