T = 300;

Demand = [489, 500, 417, 406, 537, 440, 492, 552, 445, 561, 547, 552, 598, 475, 477, 402, 531, 466, 562, 582, 592, 498, 483, 440, 475, 549, 419, 517, 463, 531, 430, 440, 408, 572, 474, 501, 492, 563, 593, 548, 590, 480, 551, 470, 500, 514, 426, 411, 429, 539, 467, 463, 500, 426, 472, 518, 427, 457, 449, 451, 449, 459, 441, 535, 502, 593, 584, 523, 503, 568, 511, 510, 579, 502, 512, 562, 556, 472, 537, 436, 508, 593, 592, 469, 519, 400, 504, 508, 529, 579, 413, 598, 463, 546, 574, 586, 411, 549, 585, 443];

p_t = [0.92, 0.73, 0.76, 0.75, 0.6, 0.61, 0.66, 0.84, 0.54, 0.52, 0.96, 0.71, 0.97, 0.54, 0.62, 0.84, 0.97, 0.78, 0.79, 0.7, 0.61, 0.5, 0.92, 0.85, 0.62, 0.54, 0.9, 0.62, 0.72, 0.86, 0.73, 0.72, 0.8, 0.57, 0.66, 0.61, 0.8, 0.97, 0.61, 0.6, 0.85, 0.53, 0.74, 0.53, 0.54, 0.54, 0.66, 0.75, 0.91, 0.88, 0.95, 0.55, 0.77, 0.64, 0.86, 0.73, 0.97, 1, 0.87, 0.79, 0.89, 0.87, 0.97, 0.72, 0.99, 0.82, 0.73, 0.84, 0.56, 0.83, 0.5, 0.65, 0.54, 0.73, 0.76, 0.66, 0.88, 0.83, 0.92, 0.65, 0.56, 0.83, 0.72, 0.56, 0.97, 0.79, 0.74, 0.91, 0.83, 0.61, 0.8, 0.82, 0.81, 0.7, 0.84, 0.94, 0.93, 0.81, 0.54, 0.68];

q1_t = [3031, 3033, 3015, 3040, 3138, 2891, 3101, 3108, 2901, 2974, 3042, 3052, 2893, 3034, 3136, 3122, 3133, 3130, 3064, 3134, 3046, 2853, 3084, 3027, 2859, 2925, 2924, 2991, 2909, 2875, 2932, 3055, 3030, 3040, 2944, 3020, 2989, 3090, 3029, 2938, 2901, 3013, 2923, 3017, 2875, 2917, 3032, 3134, 3048, 2866, 3068, 3027, 2945, 2872, 3087, 3030, 3145, 3111, 3131, 3053, 2860, 3103, 3039, 2957, 2957, 3003, 3118, 2975, 2990, 2919, 3144, 3123, 2907, 3042, 2945, 2859, 2899, 2968, 3020, 3091, 3139, 2904, 2959, 3045, 2912, 2977, 2896, 2918, 3085, 2939, 3044, 3004, 2907, 3044, 3056, 3041, 3059, 2959, 2980, 3017];

q2_t = [5919, 6144, 5943, 6037, 6106, 5878, 6005, 6119, 6015, 6185, 6152, 6049, 6033, 6069, 6095, 6093, 6016, 6034, 6122, 6056, 5920, 6033, 5904, 6084, 6015, 6152, 6014, 6048, 6041, 6046, 5863, 6162, 5986, 6152, 5975, 6167, 6183, 5881, 5921, 5973, 6073, 6143, 6092, 5986, 5957, 6064, 6147, 5874, 5988, 6125, 5887, 5973, 6084, 5927, 5963, 5945, 6182, 6046, 6112, 5916, 5969, 6015, 5851, 6009, 6109, 6172, 6120, 5961, 5878, 5964, 5856, 6122, 6176, 6069, 6082, 6049, 5857, 6015, 5966, 5972, 5981, 6155, 6038, 6134, 6081, 6170, 5863, 6116, 6187, 6197, 6015, 5857, 5960, 6064, 6047, 6053, 6030, 5887, 6126, 6159];

q3_t = [9020, 8953, 9140, 8936, 8801, 9059, 8859, 9003, 9173, 9046, 9141, 8931, 8872, 9181, 8883, 8991, 8997, 9010, 8959, 8843, 8838, 8842, 9071, 9005, 8833, 9123, 9093, 8936, 8837, 9097, 8885, 8843, 9031, 8990, 8929, 8865, 8977, 9086, 9196, 9067, 9037, 8988, 8927, 8930, 9039, 9034, 9067, 8905, 8966, 9106, 8817, 9174, 8907, 8886, 9096, 8989, 9156, 8817, 9036, 8845, 9052, 9093, 9153, 9033, 8826, 9095, 8913, 8895, 8809, 9058, 9038, 8840, 8814, 8920, 9011, 8997, 9043, 8969, 9119, 9095, 9158, 8892, 8943, 9052, 8974, 9066, 9044, 9104, 8897, 8954, 9150, 8919, 9163, 9050, 8800, 9086, 8852, 9111, 8849, 8837];


C1 = 790;
C2 = 1150;
C3 = 1570;

