T = 300;

Demand = [508, 433, 588, 586, 459, 480, 401, 538, 412, 465, 493, 460, 505, 502, 511, 415, 447, 441, 472, 456, 491, 532, 482, 413, 452, 479, 420, 518, 447, 471, 432, 440, 429, 555, 422, 429, 400, 564, 511, 408, 573, 560, 412, 556, 414, 516, 596, 538, 593, 438, 477, 564, 478, 470, 487, 440, 477, 449, 518, 447, 560, 487, 517, 514, 496, 594, 434, 482, 475, 598, 471, 424, 589, 542, 525, 531, 498, 525, 559, 446, 575, 436, 596, 482, 403, 468, 514, 543, 478, 549, 548, 510, 426, 593, 546, 528, 479, 408, 450, 465];

p_t = [0.58, 0.68, 0.74, 0.59, 0.88, 0.94, 0.77, 0.97, 0.66, 0.97, 0.59, 0.67, 0.69, 0.9, 0.57, 0.83, 0.86, 0.55, 0.9, 0.61, 0.54, 0.73, 0.81, 0.53, 0.94, 0.8, 0.95, 0.59, 0.56, 0.83, 0.58, 0.56, 0.66, 0.91, 0.88, 0.87, 0.65, 0.78, 0.58, 0.99, 0.54, 0.81, 0.52, 1, 0.87, 0.63, 0.68, 0.81, 0.83, 0.54, 0.58, 0.72, 0.51, 0.75, 0.99, 0.72, 0.79, 0.71, 0.97, 0.59, 0.53, 0.95, 0.91, 0.97, 0.99, 0.96, 0.72, 0.75, 0.61, 0.8, 0.86, 0.71, 0.66, 0.79, 0.62, 0.59, 0.61, 0.5, 0.74, 0.96, 0.56, 0.81, 0.74, 0.63, 0.6, 0.73, 0.62, 0.83, 0.94, 0.9, 0.94, 0.75, 0.96, 0.63, 0.75, 0.95, 0.91, 0.57, 0.57, 0.62];

q1_t = [2904, 3018, 2974, 3005, 3045, 2964, 2853, 2867, 3088, 2987, 2947, 2875, 3084, 3065, 3096, 3075, 2872, 2983, 3002, 3002, 3087, 2968, 2933, 2868, 3095, 3124, 2871, 2905, 2966, 2988, 3120, 2908, 3005, 3063, 2995, 3119, 2889, 3111, 2982, 2957, 2971, 2892, 2951, 2972, 3137, 3104, 3110, 3137, 2941, 3029, 3093, 3043, 2978, 3054, 3126, 3099, 2966, 2945, 2984, 3015, 2996, 2850, 2998, 3133, 3146, 3110, 2854, 3041, 2910, 2954, 3070, 3067, 3075, 3114, 2910, 2852, 2947, 3065, 2968, 2983, 2947, 3133, 3141, 2954, 2929, 2948, 2859, 2924, 3082, 2905, 3074, 3129, 2992, 3088, 2957, 3058, 2911, 2970, 3052, 3148];

q2_t = [5896, 5977, 5958, 5864, 5990, 5995, 6157, 6003, 5914, 6096, 5897, 6150, 5867, 6189, 6110, 6077, 6101, 6183, 5948, 5953, 5963, 6181, 6132, 6182, 5980, 6132, 6178, 6026, 5979, 5909, 6183, 5964, 6191, 5915, 6043, 5972, 5946, 5908, 5875, 5890, 6003, 5923, 6032, 5854, 6197, 6168, 6171, 6164, 5997, 5990, 5999, 6170, 6160, 6033, 6047, 6187, 5967, 6005, 5850, 6192, 6188, 5990, 6140, 5863, 6164, 6057, 6185, 5977, 5928, 6151, 5917, 6036, 5905, 6001, 6186, 6133, 6103, 6148, 6141, 6159, 5897, 6074, 6180, 5892, 6119, 6080, 6006, 5948, 5874, 6069, 5853, 6099, 6079, 6076, 5990, 5855, 6091, 6105, 6133, 5851];

q3_t = [9122, 8909, 9193, 8939, 8885, 9095, 9021, 8928, 9006, 8914, 8976, 8997, 8839, 8904, 8997, 8889, 8994, 9195, 8897, 8991, 9091, 8816, 9056, 9053, 9058, 8932, 9137, 8858, 8979, 8948, 9082, 8969, 9124, 9191, 8907, 8953, 9128, 8971, 9004, 9017, 8854, 9057, 9075, 8880, 9071, 8966, 8811, 9083, 8895, 8936, 9024, 8926, 8815, 9006, 9082, 9030, 9129, 8862, 8924, 8903, 8826, 9089, 8831, 8828, 8929, 9073, 9089, 9189, 8949, 9021, 8981, 9191, 8985, 9154, 8926, 9170, 9180, 9141, 8838, 8839, 9048, 9172, 8964, 8988, 9199, 9135, 9013, 8972, 8859, 8892, 9011, 9083, 8925, 8988, 8887, 8820, 8993, 8837, 8990, 9112];


C1 = 670;
C2 = 1050;
C3 = 1420;