T = 300;

Demand = [468, 518, 558, 600, 437, 500, 495, 553, 543, 414, 425, 460, 520, 470, 577, 471, 593, 569, 529, 585, 424, 528, 514, 439, 550, 451, 433, 438, 502, 413, 420, 590, 599, 591, 507, 491, 512, 405, 477, 518, 562, 402, 457, 535, 428, 499, 489, 489, 445, 593, 570, 510, 567, 472, 575, 455, 536, 591, 498, 547, 435, 438, 530, 494, 433, 514, 498, 452, 436, 470, 457, 470, 577, 408, 573, 560, 539, 532, 457, 576, 561, 561, 404, 489, 500, 474, 557, 484, 513, 442, 416, 509, 479, 551, 433, 433, 441, 423, 435, 450];

p_t = [1, 0.6, 0.98, 0.72, 0.55, 0.87, 0.57, 0.83, 0.57, 0.84, 0.78, 0.65, 0.91, 0.66, 0.5, 0.74, 0.58, 0.62, 0.75, 0.95, 0.61, 0.94, 0.68, 0.61, 0.98, 0.69, 0.91, 0.95, 0.95, 0.93, 0.69, 0.92, 0.52, 0.82, 0.58, 0.81, 0.75, 0.55, 0.86, 0.97, 0.69, 0.57, 0.93, 0.78, 0.91, 0.79, 0.88, 0.6, 0.91, 0.57, 0.73, 0.96, 0.76, 0.64, 0.61, 0.68, 0.85, 0.74, 0.99, 0.91, 0.87, 0.99, 0.86, 0.82, 0.51, 0.72, 0.54, 0.55, 0.64, 0.79, 0.66, 0.56, 0.68, 0.61, 0.93, 0.99, 0.66, 0.76, 0.79, 0.6, 0.69, 0.57, 0.83, 0.62, 0.96, 0.61, 0.59, 0.65, 0.51, 0.66, 0.72, 0.76, 0.7, 0.86, 0.54, 0.61, 0.52, 0.87, 0.57, 0.94];

q1_t = [3059, 3007, 3044, 3097, 3097, 3073, 3134, 3019, 2937, 2915, 3111, 3126, 3058, 3100, 3000, 3064, 2960, 3048, 2967, 3089, 3029, 2910, 3026, 3119, 3037, 2999, 2851, 3010, 2924, 3128, 2939, 3002, 3059, 2850, 2913, 3095, 2972, 3093, 3121, 2877, 3122, 2866, 2906, 3045, 3017, 2942, 3040, 3022, 3009, 3131, 2963, 3016, 2965, 2997, 2865, 3146, 3051, 2850, 2931, 2985, 3123, 2983, 2908, 2924, 2908, 2978, 2895, 2883, 2988, 3130, 3056, 2880, 2861, 3038, 3056, 2984, 2852, 3043, 2971, 3077, 3136, 3007, 2876, 2908, 2859, 2911, 2902, 3113, 3139, 3134, 2955, 3128, 3071, 2961, 3142, 2905, 2922, 3095, 2892, 3129];

q2_t = [6199, 5850, 6085, 5983, 6138, 5871, 6131, 5942, 5904, 6143, 5864, 5872, 5990, 6148, 6000, 6167, 6039, 5874, 6035, 6195, 6017, 6019, 5970, 5891, 5964, 6073, 6086, 6188, 6164, 6139, 5984, 5934, 6115, 5987, 5962, 6134, 6172, 5997, 5884, 6084, 6043, 5928, 5961, 6152, 6001, 6081, 6072, 6138, 6121, 6003, 6084, 5916, 5883, 6053, 6081, 5998, 6005, 5944, 6178, 5854, 6166, 5933, 6042, 5920, 6103, 6184, 5973, 6016, 6005, 5895, 6192, 6115, 5957, 6159, 6059, 5949, 5879, 6133, 5860, 5907, 6188, 5864, 6186, 5953, 6176, 6163, 6137, 5995, 6085, 5959, 6015, 6169, 6054, 6147, 6154, 5972, 5970, 6086, 6131, 6151];

q3_t = [9096, 9129, 9182, 8806, 8971, 9016, 8924, 9111, 8846, 9043, 8870, 8815, 8884, 9133, 8856, 9167, 8966, 9146, 9019, 8926, 8866, 8814, 9038, 9153, 9174, 9163, 8953, 8887, 9118, 8820, 8880, 9100, 9191, 9153, 9169, 9023, 9103, 9047, 8925, 8900, 9064, 8827, 9001, 9166, 8981, 8896, 8936, 9055, 9038, 8812, 8826, 8976, 8810, 8963, 8883, 8918, 8810, 9163, 8972, 8979, 9140, 9075, 9195, 8978, 9134, 8926, 8941, 9082, 8961, 9142, 9036, 9153, 9099, 9042, 8932, 8988, 9129, 8887, 9200, 8879, 9133, 9171, 9004, 9155, 9075, 8819, 9123, 8851, 9108, 9021, 8802, 9156, 9118, 8994, 8801, 9094, 8939, 8834, 8957, 8930];


C1 = 670;
C2 = 1050;
C3 = 1420;