T = 50;

Demand = [567, 473, 487, 532, 419, 513, 418, 563, 477, 404, 418, 554, 559, 478, 433, 551, 425, 428, 540, 475, 545, 513, 540, 600, 470, 474, 584, 513, 427, 600, 434, 441, 595, 484, 594, 540, 459, 403, 590, 589, 574, 509, 522, 462, 425, 402, 545, 426, 506, 540];

p_t = [0.7, 0.78, 0.72, 0.84, 0.57, 0.7, 0.75, 0.67, 0.86, 0.61, 0.65, 0.86, 0.57, 0.54, 0.9, 0.8, 0.51, 0.84, 0.62, 0.85, 0.89, 0.5, 0.73, 0.57, 0.76, 0.51, 0.7, 0.94, 0.57, 0.72, 0.92, 0.69, 0.86, 0.53, 0.96, 0.91, 0.86, 0.71, 0.82, 0.77, 0.96, 0.91, 0.92, 0.86, 0.58, 0.51, 0.88, 0.89, 0.5, 0.81];

q1_t = [2961, 3004, 3118, 3091, 2970, 2868, 2993, 3069, 3049, 3113, 3138, 3128, 2989, 2850, 2914, 3023, 2903, 2985, 3127, 3150, 2977, 3087, 3073, 3079, 3024, 3045, 3123, 2922, 2943, 3071, 3071, 2857, 2911, 3076, 2976, 3136, 3082, 2990, 2887, 2867, 2927, 2903, 3127, 3083, 3084, 3029, 2936, 3014, 3006, 2896];

q2_t = [6066, 5986, 5858, 5947, 5967, 6187, 5893, 5989, 5966, 6152, 6070, 5990, 5946, 5880, 6022, 5874, 6168, 6155, 6002, 6192, 6067, 6177, 6075, 5903, 5886, 6104, 6039, 5851, 6049, 5918, 6020, 6148, 6019, 5875, 6067, 6100, 5913, 6014, 6119, 6167, 5994, 5907, 5967, 6175, 6128, 6071, 5892, 6117, 6074, 5964];

q3_t = [9141, 8812, 9016, 9003, 8900, 9022, 9052, 9120, 9183, 9155, 8960, 9197, 9008, 9113, 8954, 8958, 8890, 9133, 8969, 9175, 9138, 8812, 9191, 8807, 8992, 9064, 8989, 9049, 8935, 9021, 9175, 9007, 8826, 8973, 9053, 8949, 8897, 9084, 9192, 8971, 8853, 9149, 8807, 8986, 9058, 9132, 9021, 9116, 8984, 8837];

q4_t = [11892, 11902, 12020, 12135, 12028, 11991, 12097, 11900, 12053, 11947, 12024, 12088, 11946, 11888, 11990, 11899, 11895, 11930, 12041, 12035, 12062, 11962, 12129, 12041, 12075, 12040, 11950, 12098, 11918, 11877, 12091, 11865, 12097, 11915, 12028, 11901, 12134, 11995, 12120, 11985, 12017, 11881, 11944, 11966, 11998, 12133, 12012, 11973, 12135, 11858];

C1 = 470;
C2 = 850;
C3 = 1220;
C4 = 1510;




