T = 50;

Demand = [475, 473, 467, 554, 486, 455, 511, 494, 418, 400, 538, 556, 481, 479, 426, 539, 423, 572, 451, 483, 517, 410, 578, 467, 489, 437, 412, 452, 419, 524, 474, 409, 559, 400, 588, 565, 455, 597, 476, 432, 558, 419, 486, 595, 416, 543, 406, 555, 404, 441];

p_t = [0.81, 0.52, 0.56, 0.73, 0.92, 0.79, 0.67, 0.73, 0.54, 0.62, 0.66, 0.53, 0.83, 0.92, 0.51, 0.87, 0.58, 0.7, 0.67, 0.58, 0.95, 0.66, 0.51, 0.64, 0.51, 0.71, 0.8, 0.99, 0.81, 0.76, 0.67, 0.79, 0.94, 0.68, 0.84, 0.93, 0.7, 0.86, 0.6, 0.98, 0.77, 0.98, 0.65, 0.87, 0.73, 0.56, 0.83, 0.92, 0.5, 0.62];

q1_t = [2874, 3089, 2974, 3048, 2929, 2897, 2868, 2993, 2957, 3109, 2995, 3008, 3032, 2974, 2975, 3078, 2904, 2864, 3001, 3072, 3081, 3041, 2953, 3046, 2960, 3025, 3113, 2888, 3081, 3037, 2995, 3089, 2943, 2914, 2991, 2895, 3107, 2952, 2879, 2953, 3092, 3130, 2919, 3144, 2999, 3046, 2981, 2945, 2856, 2989];
q2_t = [6096, 5885, 6006, 5949, 5926, 5903, 6022, 5912, 5882, 6060, 6115, 5921, 6164, 5957, 5951, 5982, 6073, 5983, 5912, 6051, 6075, 5860, 5964, 6101, 5945, 5975, 6141, 5880, 5937, 5902, 5864, 5854, 6111, 5909, 5955, 6044, 5925, 6102, 5941, 6167, 5931, 6043, 6142, 6076, 5965, 5905, 5906, 5928, 5930, 6042];
q3_t = [9000, 8802, 8946, 8850, 9071, 8965, 9133, 9167, 9183, 9010, 8948, 8940, 8875, 9147, 9144, 9061, 9054, 8933, 8801, 9168, 8854, 8889, 8864, 9001, 8957, 9064, 9004, 9046, 9131, 9046, 8896, 9184, 8962, 8887, 8880, 8872, 8808, 8879, 9063, 8903, 8923, 9185, 8923, 8929, 8831, 8812, 9200, 8937, 9148, 8852];
q4_t = [11920, 11910, 12061, 11870, 11934, 11915, 12126, 11958, 12147, 11982, 12024, 11903, 11928, 12077, 12095, 11980, 12002, 12002, 12127, 12061, 11916, 12009, 11902, 12036, 12125, 12101, 12132, 12079, 12000, 12014, 12136, 12012, 12076, 12075, 11881, 12039, 11925, 12106, 11939, 12065, 11906, 11909, 12091, 12028, 12067, 12072, 11880, 12068, 11854, 12100];


C1 = 790;
C2 = 1150;
C3 = 1570;
C4 = 1950;




