T = 50;

Demand = [506, 566, 500, 516, 418, 581, 590, 587, 447, 410, 513, 467, 596, 525, 530, 432, 465, 592, 577, 522, 520, 448, 450, 584, 509, 588, 544, 411, 593, 405, 473, 591, 497, 543, 471, 580, 414, 541, 582, 565, 504, 413, 515, 524, 496, 542, 434, 531, 425, 414];

p_t = [0.96, 0.86, 0.97, 0.75, 0.61, 0.54, 0.68, 0.71, 0.62, 0.88, 0.99, 0.95, 0.6, 0.85, 0.96, 0.74, 0.64, 0.77, 0.89, 0.55, 0.91, 0.98, 0.66, 0.67, 0.93, 0.96, 0.94, 0.82, 0.74, 0.55, 0.84, 0.84, 0.95, 0.67, 0.85, 0.74, 0.76, 0.73, 0.83, 0.95, 0.67, 0.79, 0.72, 0.54, 0.61, 0.91, 0.83, 0.83, 0.75, 0.93];

q1_t = [3075, 2858, 3091, 3002, 2948, 2971, 2927, 3054, 2988, 3150, 3007, 2993, 2964, 2967, 2885, 2982, 2900, 2992, 3068, 2850, 2941, 3003, 3065, 2972, 2950, 2960, 2936, 2910, 3134, 2859, 2963, 2935, 3130, 2989, 2851, 2935, 2959, 2879, 3090, 2943, 2969, 2948, 3123, 3081, 3033, 3001, 3107, 3040, 3123, 3146];

q2_t = [6136, 6038, 6181, 6160, 6115, 6128, 5994, 6058, 6125, 6164, 6099, 5877, 5945, 6089, 6062, 6048, 6180, 6063, 6058, 6063, 6141, 5909, 5891, 5981, 5966, 6172, 6128, 6025, 5893, 6149, 6056, 6147, 5863, 6146, 6155, 6150, 6079, 5995, 6004, 6033, 6199, 6105, 6032, 6144, 6168, 5999, 6064, 6200, 5936, 6168];

q3_t = [8831, 9111, 8951, 8895, 9041, 8982, 8950, 9149, 8817, 8817, 9025, 8982, 9020, 9168, 8906, 9017, 9028, 8803, 9072, 9189, 9110, 8908, 8845, 9004, 8978, 8811, 9102, 9137, 9095, 9037, 8855, 8958, 8839, 9072, 8872, 9017, 8894, 9149, 8935, 8857, 8917, 8839, 9032, 9187, 8820, 8810, 8933, 8952, 9174, 9095];

q4_t = [11878, 11959, 11903, 12114, 12145, 11896, 11922, 11940, 11863, 12110, 11987, 11999, 12138, 11900, 11852, 12111, 12042, 12105, 11876, 11852, 12080, 12030, 12027, 12060, 12064, 11962, 12056, 11958, 12058, 12139, 12102, 11922, 12130, 12061, 12013, 12009, 12084, 11958, 11885, 12071, 12013, 12001, 12061, 11856, 12065, 11859, 11875, 12110, 11991, 12096];

C1 = 790;
C2 = 1150;
C3 = 1570;
C4 = 1950;




