T = 50;

Demand = [443, 437, 522, 501, 412, 475, 540, 529, 529, 561, 499, 423, 508, 458, 424, 486, 471, 503, 527, 409, 561, 436, 513, 427, 519, 568, 427, 504, 480, 521, 407, 459, 566, 556, 411, 430, 458, 479, 441, 533, 444, 427, 465, 472, 461, 564, 475, 465, 579, 436];

p_t = [0.87, 0.51, 0.83, 0.56, 0.53, 0.76, 0.64, 0.79, 0.69, 0.56, 0.9, 0.87, 0.56, 0.52, 0.76, 0.5, 0.78, 0.5, 0.73, 0.56, 0.68, 0.61, 0.93, 0.82, 0.77, 0.98, 0.7, 0.89, 0.84, 0.73, 0.6, 0.93, 0.82, 0.69, 0.99, 0.83, 0.52, 0.83, 0.63, 0.93, 0.78, 0.51, 0.58, 0.62, 0.6, 0.56, 0.57, 0.9, 0.72, 0.69];

q1_t = [3117, 2924, 3046, 3017, 3048, 2972, 2973, 3139, 3122, 3111, 3078, 2899, 2989, 3049, 2923, 2867, 2867, 3028, 3075, 2992, 2854, 2967, 2951, 2951, 3086, 2994, 2966, 2999, 3036, 3067, 2990, 2893, 2903, 3034, 2890, 2988, 3013, 2917, 3000, 3076, 2918, 2900, 3116, 2910, 3108, 2971, 3098, 2878, 2851, 2984];
q2_t = [6154, 5974, 5881, 6185, 6086, 6107, 6186, 6166, 5930, 5927, 6116, 5941, 6056, 5953, 6115, 6053, 6159, 6169, 5917, 5956, 5922, 5906, 6058, 6091, 5972, 5952, 5856, 5964, 5919, 5906, 6016, 5987, 5897, 6072, 6124, 5956, 5968, 5854, 5879, 6072, 6191, 5916, 6023, 6066, 6047, 6060, 6130, 6032, 5852, 5962];
q3_t = [8983, 8823, 8896, 8801, 8882, 8838, 9129, 8939, 8898, 8885, 9002, 9073, 8901, 9134, 9042, 8870, 9016, 9044, 9013, 9090, 9184, 9045, 8922, 9146, 9004, 8928, 9143, 9182, 9067, 9039, 9173, 9015, 9102, 9115, 9013, 8995, 8946, 8815, 9086, 8810, 9116, 9075, 9018, 9167, 9175, 8936, 9152, 9031, 8852, 8896];
q4_t = [12112, 12057, 12059, 12065, 12017, 12006, 12073, 11870, 12008, 12076, 12101, 11893, 12110, 12002, 11942, 11905, 12113, 12087, 12122, 11942, 11879, 11939, 11881, 12006, 11975, 11991, 12047, 11875, 12139, 12105, 11906, 11967, 11860, 11930, 11925, 11979, 11875, 12036, 11974, 11898, 11912, 12013, 12036, 12091, 12049, 12112, 12030, 11856, 12138, 12058];

C1 = 790;
C2 = 1150;
C3 = 1570;
C4 = 1950;



