T = 50;

Demand = [465, 576, 593, 454, 415, 522, 525, 518, 411, 458, 542, 427, 495, 459, 520, 509, 497, 497, 511, 495, 580, 554, 513, 572, 472, 413, 516, 488, 562, 421, 547, 481, 468, 592, 465, 474, 557, 460, 452, 534, 416, 418, 478, 484, 470, 401, 596, 566, 518, 578];

p_t = [0.83, 0.94, 0.5, 0.87, 0.53, 0.52, 0.86, 0.78, 0.96, 0.89, 0.71, 0.77, 0.79, 0.81, 0.9, 0.99, 0.76, 0.89, 0.97, 0.75, 0.67, 0.71, 0.73, 0.63, 0.78, 0.99, 0.98, 0.95, 0.88, 0.63, 0.57, 0.68, 0.8, 0.57, 0.9, 0.75, 0.52, 0.98, 0.7, 0.94, 0.55, 0.66, 0.83, 0.62, 0.54, 0.97, 0.72, 0.54, 0.67, 0.69];

q1_t = [2945, 2858, 2998, 3006, 3106, 3073, 3011, 3084, 2970, 3035, 3011, 3030, 2887, 3130, 2938, 3046, 2860, 3106, 3035, 2990, 3108, 3135, 3066, 2961, 3103, 2942, 2868, 2949, 2997, 3057, 2904, 3026, 2854, 2938, 3034, 3055, 3083, 3001, 2918, 3071, 2921, 3115, 3005, 2862, 3059, 3030, 2993, 2908, 3150, 2984];
q2_t = [6195, 5908, 6168, 6161, 5988, 5941, 6075, 6123, 5959, 6089, 6071, 6039, 5871, 6058, 6117, 6142, 5907, 6085, 5931, 5987, 5992, 6073, 6153, 6111, 6038, 6197, 6087, 5911, 6067, 6128, 6054, 6076, 5921, 6195, 6175, 6169, 6001, 6171, 6044, 6119, 5981, 5996, 5920, 6041, 6195, 6046, 6132, 5960, 6072, 5962];
q3_t = [8857, 9121, 9015, 9003, 9081, 8867, 8811, 9074, 9056, 8834, 9192, 9139, 9033, 9102, 8939, 8816, 9114, 8981, 8935, 9172, 9001, 8953, 8922, 9108, 9116, 9198, 8871, 8984, 9127, 9122, 9157, 8952, 8838, 8925, 8956, 8810, 8977, 9053, 9124, 8994, 8810, 8857, 9098, 8865, 9128, 9021, 9167, 9065, 9144, 9104];
q4_t = [12044, 11980, 12065, 12101, 12119, 12021, 11900, 12093, 12138, 12013, 12002, 12150, 12102, 11972, 12100, 12010, 12031, 12048, 12007, 12088, 12069, 12065, 12117, 11953, 11915, 12126, 11870, 12121, 11868, 12091, 12106, 11964, 11907, 12014, 11951, 11878, 11879, 12134, 12001, 12108, 12142, 12008, 12095, 11858, 11952, 12146, 12117, 12036, 12115, 12098];

C1 = 790;
C2 = 1150;
C3 = 1570;
C4 = 1950;




