T = 50;

Demand = [514, 409, 427, 405, 576, 462, 571, 435, 419, 538, 497, 480, 579, 574, 528, 581, 482, 505, 447, 417, 445, 481, 511, 499, 593, 426, 578, 523, 567, 530, 509, 500, 558, 587, 472, 569, 520, 402, 466, 438, 424, 524, 475, 496, 412, 403, 450, 474, 422, 491];

p_t = [0.61, 0.89, 0.63, 0.86, 0.56, 0.52, 0.8, 0.57, 0.99, 0.8, 0.78, 0.71, 0.66, 0.61, 0.71, 1, 0.76, 0.82, 0.88, 0.69, 0.5, 0.91, 0.78, 0.87, 0.71, 0.94, 0.62, 0.99, 0.6, 0.75, 0.57, 0.55, 0.7, 0.65, 0.81, 0.63, 0.71, 0.85, 0.6, 0.67, 0.68, 0.63, 0.61, 0.87, 0.54, 0.69, 0.53, 0.93, 0.6, 0.67];

q1_t = [3029, 3016, 3090, 3095, 2920, 3138, 2979, 2969, 3111, 2928, 3071, 3038, 3038, 2937, 2856, 3055, 2907, 3051, 3139, 3113, 3113, 3030, 2952, 2965, 3134, 3092, 3106, 3094, 3030, 2948, 2990, 2977, 3037, 3052, 2892, 3079, 2935, 2895, 2946, 2870, 2895, 2959, 2976, 3029, 3088, 2851, 3128, 2913, 3000, 3023];
q2_t = [5858, 6002, 6097, 6119, 6180, 6129, 6075, 6062, 6157, 5911, 6008, 5850, 6102, 6009, 6042, 6074, 6055, 5895, 5875, 5903, 6000, 5944, 6114, 5859, 6077, 5876, 6002, 6196, 6097, 6069, 6164, 5858, 6150, 5989, 5959, 5909, 5898, 6028, 5935, 5918, 6030, 5979, 6006, 6184, 6006, 6113, 6020, 6182, 6058, 5869];
q3_t = [8976, 9020, 9151, 8988, 8964, 8870, 9106, 9102, 9023, 8898, 8822, 8808, 9137, 8876, 8831, 9001, 8924, 8988, 8871, 9155, 9135, 8977, 8886, 8897, 9188, 8969, 9150, 8932, 8841, 9105, 8867, 8988, 8833, 9074, 9127, 9005, 9158, 9137, 8870, 8860, 9037, 9158, 8856, 9175, 9108, 8983, 9112, 8812, 9025, 8867];
q4_t = [11942, 12146, 11913, 12056, 11915, 11901, 11936, 11959, 12119, 12000, 12096, 11940, 12149, 12097, 11852, 12054, 11924, 12006, 11937, 11866, 12081, 12106, 11961, 12042, 11907, 11880, 11892, 12055, 12141, 11873, 11901, 12088, 11953, 11924, 12024, 12101, 12005, 12001, 12123, 11966, 12143, 12068, 12085, 11855, 12076, 11967, 12025, 11994, 11939, 12113];

C1 = 790;
C2 = 1150;
C3 = 1570;
C4 = 1950;



