T = 50;

Demand = [490, 429, 504, 541, 428, 570, 521, 414, 532, 551, 484, 533, 463, 583, 458, 458, 585, 537, 570, 493, 489, 480, 595, 511, 571, 540, 510, 410, 503, 451, 580, 422, 567, 499, 590, 544, 539, 563, 404, 506, 495, 548, 463, 584, 579, 487, 486, 509, 432, 519];

p_t = [0.69, 0.61, 0.82, 0.6, 0.66, 0.8, 0.8, 0.7, 0.73, 0.51, 0.66, 0.59, 0.74, 0.8, 0.55, 0.58, 0.84, 0.93, 0.88, 0.83, 0.86, 0.92, 0.85, 0.7, 0.64, 0.99, 0.92, 0.99, 0.6, 0.61, 0.79, 0.93, 0.93, 0.89, 0.54, 0.83, 0.66, 0.75, 0.87, 0.78, 0.54, 0.92, 0.54, 0.73, 0.69, 0.63, 0.97, 0.85, 0.63, 0.88];

q1_t = [3091, 3038, 3115, 3142, 2991, 3137, 3039, 3073, 3039, 2975, 3088, 2959, 3118, 2919, 3121, 3027, 2976, 3079, 2975, 3090, 3130, 3021, 3143, 2895, 3010, 2999, 3026, 2997, 3141, 3131, 2975, 2989, 3026, 3131, 2914, 3000, 2850, 2998, 3069, 3147, 3060, 3020, 2969, 2927, 2949, 2929, 2997, 2860, 3027, 2946];
q2_t = [5975, 6113, 5949, 6199, 6041, 6077, 5964, 5918, 5930, 6005, 6044, 5974, 6147, 5894, 5930, 5884, 5889, 6066, 6048, 5977, 6128, 5856, 5874, 5910, 6045, 5903, 6151, 5883, 5866, 6011, 5964, 5851, 6152, 5900, 6160, 5883, 6005, 5945, 6134, 6004, 5908, 6020, 6022, 6014, 6000, 5903, 5862, 6110, 6197, 6150];
q3_t = [8830, 9147, 9108, 8886, 9078, 8827, 9054, 9186, 8976, 9183, 8933, 8870, 8922, 9001, 9004, 9092, 9137, 8820, 8866, 8814, 9087, 8845, 8893, 9078, 8857, 9017, 9078, 8868, 8869, 9118, 8806, 8843, 9062, 9173, 8871, 8960, 8949, 8996, 8950, 8819, 8800, 9138, 9115, 9091, 9175, 8834, 9027, 8916, 9144, 8904];
q4_t = [11937, 11942, 11966, 12098, 11859, 11924, 11959, 12056, 12089, 12020, 11978, 12091, 11873, 11980, 11891, 12072, 11940, 11853, 11864, 11851, 11961, 11893, 11991, 11901, 11947, 11891, 12121, 11884, 11965, 11866, 12125, 11873, 12079, 11908, 11967, 11979, 11851, 11987, 11926, 11926, 11860, 11964, 12142, 12077, 11994, 12033, 11923, 11978, 11919, 11946];

C1 = 470;
C2 = 850;
C3 = 1220;
C4 = 1510;




