T = 50;

Demand = [511, 438, 443, 411, 409, 471, 467, 598, 562, 446, 574, 409, 499, 534, 400, 571, 415, 464, 495, 477, 570, 440, 409, 546, 578, 503, 402, 527, 522, 583, 599, 481, 540, 408, 406, 530, 568, 497, 476, 426, 429, 463, 413, 585, 487, 483, 593, 485, 533, 420];

p_t = [0.82, 0.62, 0.98, 0.56, 0.77, 0.57, 0.66, 1, 0.96, 0.69, 0.86, 0.9, 0.88, 0.83, 0.95, 0.81, 0.92, 0.94, 0.89, 0.57, 0.72, 0.77, 0.72, 0.89, 0.59, 0.71, 0.9, 0.81, 0.92, 0.58, 0.97, 0.61, 0.85, 0.93, 0.77, 0.52, 0.55, 0.68, 0.6, 0.59, 0.68, 0.81, 0.95, 0.9, 0.89, 0.57, 0.55, 0.98, 0.73, 1];

q1_t = [3024, 2915, 3017, 3018, 3035, 2902, 3126, 2965, 3011, 2930, 2851, 2987, 3130, 2907, 3096, 3137, 3120, 3132, 2893, 3051, 2933, 3056, 3149, 2898, 2887, 2959, 2977, 3092, 3005, 3083, 3018, 3105, 3011, 2979, 3088, 3117, 3027, 2939, 2909, 3073, 3102, 2973, 2984, 3111, 2917, 2866, 3064, 3058, 2859, 2984];

q2_t = [5853, 5898, 6143, 5936, 6066, 6135, 5911, 5951, 6063, 6008, 6126, 5873, 6017, 5950, 5959, 6081, 6179, 6033, 5985, 6168, 5945, 6144, 6184, 5995, 5860, 6117, 6103, 6085, 6080, 6007, 5982, 5851, 5936, 5852, 6103, 6146, 6188, 6061, 5851, 6168, 6010, 6083, 5851, 5854, 5851, 6100, 5857, 6165, 5901, 6104];

q3_t = [9117, 8856, 9101, 9162, 8861, 8915, 9034, 8888, 8821, 9059, 8846, 8943, 9112, 9117, 8896, 9196, 8881, 9025, 9033, 8975, 8852, 9193, 9002, 9044, 8808, 8970, 8825, 9128, 9135, 8991, 8971, 8933, 9091, 9196, 8831, 9022, 8810, 8819, 9142, 9007, 8878, 8918, 9092, 8821, 8951, 8848, 9048, 9153, 8857, 8876];

q4_t = [11923, 11900, 11918, 12048, 11946, 12138, 12137, 12083, 12142, 12063, 11909, 11927, 12148, 12028, 12038, 12081, 12132, 11883, 11884, 11916, 12116, 12116, 11905, 12150, 11922, 11896, 11940, 11997, 12092, 12050, 11869, 11864, 12114, 11944, 12095, 12048, 11883, 11855, 11963, 12131, 11960, 11924, 12100, 12073, 11874, 11974, 12088, 11950, 11861, 11850];

C1 = 790;
C2 = 1150;
C3 = 1570;
C4 = 1950;



