T = 50;

Demand = [538, 499, 420, 425, 529, 460, 515, 567, 522, 592, 485, 481, 446, 488, 434, 403, 434, 477, 533, 583, 583, 414, 504, 546, 414, 459, 423, 546, 415, 571, 506, 500, 435, 581, 410, 439, 529, 473, 516, 492, 472, 409, 462, 509, 598, 582, 528, 404, 502, 491];

p_t = [0.75, 0.73, 0.76, 0.78, 0.64, 0.98, 0.84, 0.91, 0.61, 0.69, 0.88, 0.91, 0.76, 0.8, 0.71, 0.89, 0.82, 0.85, 0.64, 0.75, 0.61, 0.77, 0.84, 0.93, 0.91, 0.65, 0.81, 0.68, 0.84, 0.78, 0.61, 0.84, 0.65, 0.65, 0.68, 0.55, 0.61, 0.7, 0.7, 0.77, 0.91, 0.94, 0.99, 0.75, 0.6, 0.98, 0.54, 0.52, 0.67, 0.75];

q1_t = [3100, 3016, 3061, 2928, 3142, 3134, 3041, 2942, 2976, 2862, 2909, 3034, 3066, 2868, 3093, 2922, 2891, 3150, 3044, 2924, 3079, 3120, 2916, 3100, 3002, 2998, 3105, 3116, 3061, 2867, 2942, 2984, 2899, 3125, 2990, 3070, 3019, 3121, 3108, 3059, 3049, 2874, 2892, 2994, 2950, 2864, 2870, 3010, 3021, 2923];
q2_t = [6078, 5961, 6087, 6032, 5867, 6017, 6160, 6107, 6006, 5962, 5893, 6085, 5978, 5885, 6136, 5967, 6064, 5862, 5866, 6188, 5970, 6028, 6089, 6183, 6193, 5921, 6150, 5918, 6172, 6112, 5957, 6011, 5970, 5941, 5863, 6120, 5975, 5911, 6138, 6194, 6190, 5894, 6132, 6182, 6196, 5921, 5887, 5851, 6026, 6087];
q3_t = [8925, 9128, 8847, 9028, 8801, 8978, 9169, 9069, 8908, 9120, 8969, 9194, 8881, 8970, 9072, 9086, 8901, 8929, 9091, 9175, 9120, 8942, 9116, 9052, 8955, 8932, 8942, 8918, 8846, 8809, 9149, 8884, 8881, 8868, 9178, 9078, 8956, 9130, 8875, 8958, 8993, 8826, 9172, 8859, 8998, 8984, 8902, 9137, 9159, 9086];
q4_t = [11941, 12042, 11856, 12047, 12132, 11881, 12020, 12089, 12059, 12083, 12113, 12019, 11967, 11980, 11934, 11987, 11918, 12075, 12053, 12046, 12123, 11963, 11880, 12138, 11937, 11915, 12076, 12107, 12075, 11952, 11850, 11998, 12068, 12076, 12025, 11904, 12045, 11977, 12070, 11919, 12111, 12135, 11964, 11936, 11851, 12063, 12026, 11865, 11875, 12119];


C1 = 670;
C2 = 1050;
C3 = 1420;
C4 = 1790;




