T = 50;

Demand = [536, 425, 490, 436, 401, 567, 564, 416, 547, 429, 414, 512, 523, 451, 412, 498, 510, 507, 566, 547, 519, 423, 521, 425, 531, 459, 461, 524, 492, 502, 438, 542, 591, 536, 566, 407, 437, 516, 461, 480, 540, 558, 450, 456, 517, 501, 576, 419, 441, 459];

p_t = [0.61, 0.91, 0.75, 0.95, 0.69, 0.81, 0.59, 0.6, 0.67, 0.77, 0.78, 0.59, 0.6, 0.57, 0.78, 0.96, 0.74, 0.89, 0.54, 0.51, 0.88, 0.99, 0.75, 0.92, 0.68, 0.99, 0.52, 0.5, 0.75, 0.81, 0.9, 0.79, 0.62, 0.75, 0.57, 0.55, 0.61, 0.79, 0.63, 0.82, 0.5, 0.68, 0.77, 0.86, 0.96, 0.52, 0.59, 0.64, 0.64, 0.84];

q1_t = [3114, 2951, 3080, 3144, 2959, 3080, 3012, 2931, 2894, 2956, 2907, 3025, 2951, 3074, 3141, 2986, 2920, 3118, 3034, 2874, 2856, 2956, 3050, 3087, 3091, 2905, 2882, 2924, 3014, 3014, 2959, 2878, 2876, 3054, 3095, 2892, 3142, 3067, 3057, 3115, 3093, 3032, 3111, 2974, 3031, 2932, 2967, 3055, 3136, 3114];
q2_t = [5893, 6118, 6182, 5920, 6049, 6112, 5953, 6014, 5991, 6125, 5921, 6035, 6038, 6134, 6005, 6004, 6089, 6135, 6003, 6116, 5990, 5949, 5956, 6187, 5909, 5998, 5853, 6198, 6109, 6018, 5913, 6135, 6150, 6172, 6114, 5958, 5872, 5978, 5933, 6108, 5890, 5892, 6028, 5920, 5912, 6036, 6062, 6182, 6112, 5881];
q3_t = [9037, 8992, 9157, 8943, 8852, 9112, 9034, 8931, 9162, 9162, 8891, 9177, 8848, 9016, 9169, 8965, 8901, 9003, 9096, 8821, 8963, 9150, 9018, 8808, 8876, 9150, 8865, 8825, 9057, 8993, 8857, 8899, 8822, 9095, 8851, 9097, 9131, 9058, 9163, 9086, 9040, 9183, 8940, 8876, 8825, 8926, 9087, 8830, 8846, 9077];
q4_t = [11879, 12081, 12132, 11928, 12101, 12120, 12106, 11906, 11889, 11997, 12058, 11876, 11883, 11855, 11887, 11858, 12127, 12130, 12069, 11925, 11944, 11872, 11860, 11975, 12059, 11970, 11915, 12045, 11971, 11935, 11898, 12129, 12073, 12128, 11901, 12124, 12091, 11910, 12063, 12042, 11991, 12090, 12109, 12034, 12138, 12099, 11930, 11867, 12119, 11958];


C1 = 870;
C2 = 1450;
C3 = 1920;
C4 = 2290;


