T = 50;

Demand = [409, 480, 507, 454, 430, 451, 544, 463, 595, 476, 521, 526, 510, 439, 487, 510, 458, 493, 518, 581, 525, 502, 515, 417, 489, 566, 497, 575, 507, 561, 550, 573, 513, 406, 545, 569, 404, 441, 435, 465, 507, 557, 564, 416, 464, 409, 596, 489, 563, 448];

p_t = [0.54, 0.51, 0.75, 0.68, 0.53, 0.84, 0.83, 0.56, 0.84, 0.68, 0.84, 0.89, 0.89, 0.95, 0.67, 0.52, 0.72, 0.87, 0.5, 0.89, 0.59, 0.82, 0.56, 0.62, 0.65, 0.97, 0.66, 0.87, 0.84, 0.91, 0.57, 0.81, 0.62, 0.97, 0.9, 0.83, 0.51, 0.93, 0.9, 0.56, 0.68, 0.59, 0.71, 0.63, 0.86, 0.79, 0.54, 0.95, 0.71, 0.79];

q1_t = [2864, 3002, 2950, 3109, 2932, 2878, 3141, 3054, 3060, 2944, 2864, 3050, 3007, 2866, 3024, 3037, 3105, 2945, 3013, 2879, 3099, 2958, 2910, 2949, 3060, 2909, 3094, 3066, 2908, 2870, 3129, 3135, 3134, 3150, 2853, 2973, 3098, 2910, 2915, 3087, 2893, 3085, 3057, 3008, 2982, 3077, 3003, 3116, 2982, 3133];
q2_t = [5918, 5879, 6047, 5900, 5935, 5953, 6181, 6128, 5911, 5947, 6051, 6080, 6076, 5960, 6019, 6061, 5952, 6032, 6021, 5987, 5887, 5918, 6144, 6105, 6088, 5999, 6196, 6087, 5995, 5851, 6141, 6172, 6079, 6032, 6054, 6046, 5976, 6136, 5997, 5965, 5874, 6180, 6134, 6040, 6108, 6096, 6118, 6084, 5890, 6030];
q3_t = [8990, 8927, 8835, 8802, 8867, 8950, 9167, 9107, 8957, 8950, 8839, 8887, 9036, 9062, 9096, 8945, 8826, 9012, 8999, 8945, 8909, 8834, 9182, 9179, 8985, 9108, 8818, 9077, 9024, 8842, 8927, 9097, 8855, 9185, 8812, 8933, 8949, 9144, 8940, 9072, 8942, 9156, 9195, 9145, 8813, 8952, 9167, 9168, 9142, 9009];
q4_t = [12146, 11933, 11928, 12142, 12131, 11853, 11938, 11982, 12084, 12003, 11949, 11890, 12144, 12086, 12025, 12116, 11876, 12009, 11926, 11853, 12118, 12130, 11911, 11935, 12076, 12118, 12009, 12062, 11894, 12127, 11920, 12034, 11868, 12092, 12073, 11970, 11866, 12005, 12079, 11910, 12149, 11953, 12024, 11978, 11971, 12110, 12069, 12023, 12093, 11962];


C1 = 870;
C2 = 1450;
C3 = 1920;
C4 = 2290;




