T = 50;

Demand = [454, 552, 401, 525, 443, 511, 593, 559, 506, 546, 527, 500, 566, 583, 592, 537, 417, 421, 573, 570, 574, 452, 511, 449, 408, 416, 600, 421, 413, 533, 485, 466, 498, 427, 520, 563, 557, 518, 403, 519, 427, 569, 420, 549, 559, 476, 510, 421, 518, 597];

p_t = [0.79, 0.54, 0.74, 0.59, 0.85, 0.61, 0.55, 0.57, 0.85, 0.81, 0.84, 0.63, 0.82, 0.72, 0.71, 0.57, 0.85, 0.72, 0.53, 0.74, 0.73, 0.67, 0.91, 0.66, 0.91, 0.98, 0.98, 0.55, 0.57, 0.55, 0.72, 0.99, 0.67, 0.67, 0.71, 0.81, 0.9, 0.84, 0.91, 0.96, 0.65, 0.61, 0.85, 0.81, 0.58, 0.99, 0.64, 0.7, 0.93, 0.97];

q1_t = [2910, 2909, 2993, 2902, 3041, 3142, 2981, 2934, 3034, 3002, 3018, 3099, 2852, 2866, 3100, 3102, 2896, 3029, 2883, 3114, 3019, 3133, 3034, 3130, 2908, 3019, 2912, 2856, 3067, 3038, 2920, 3096, 3125, 2897, 2979, 2991, 2991, 2850, 3076, 2905, 3123, 2878, 2880, 3104, 2956, 2898, 2989, 3122, 3041, 3048];
q2_t = [6145, 6138, 5850, 5927, 5896, 5993, 5918, 5946, 5988, 5924, 6128, 5956, 6002, 6178, 6058, 5994, 5932, 6018, 6036, 6177, 6062, 5989, 6172, 6017, 5864, 6056, 6175, 6024, 6198, 6177, 5960, 5960, 6136, 5850, 6054, 6154, 6104, 5912, 6005, 6188, 6180, 5885, 5957, 6186, 6148, 6066, 5898, 6138, 6103, 6050];
q3_t = [8998, 9099, 9180, 8812, 8902, 8860, 9114, 9162, 8964, 8885, 8875, 8895, 9132, 9001, 8872, 9120, 9077, 9181, 8972, 9002, 9035, 9142, 9122, 9157, 8928, 9189, 9195, 9030, 8954, 9047, 9026, 8837, 8823, 8822, 8935, 9144, 9100, 8845, 8983, 8988, 9084, 9196, 8934, 8813, 9095, 8943, 9150, 8812, 9167, 9073];
q4_t = [11920, 11959, 11944, 11881, 12080, 11942, 11973, 12028, 12013, 12022, 11948, 11911, 12148, 12035, 12038, 12095, 12043, 11881, 12099, 12002, 11898, 11983, 12088, 12108, 12073, 11961, 11986, 11984, 12050, 12056, 12071, 11860, 12099, 12005, 12128, 11967, 11906, 12015, 11869, 12044, 11870, 11916, 11982, 11933, 11981, 12022, 11981, 11972, 12127, 12134];

C1 = 870;
C2 = 1450;
C3 = 1920;
C4 = 2290;




