T = 50;

Demand = [425, 475, 574, 457, 570, 421, 534, 548, 460, 407, 551, 598, 562, 548, 562, 413, 569, 440, 525, 482, 547, 470, 424, 554, 533, 404, 587, 559, 489, 438, 430, 570, 509, 477, 599, 437, 576, 469, 439, 466, 406, 542, 460, 470, 445, 490, 573, 447, 532, 440];

p_t = [0.8, 0.6, 0.89, 0.59, 0.95, 0.95, 0.8, 0.68, 0.61, 0.53, 0.66, 0.87, 0.94, 0.51, 0.98, 0.57, 0.57, 0.86, 0.84, 0.87, 0.54, 0.68, 0.69, 0.79, 0.78, 1, 0.57, 0.51, 0.63, 0.67, 0.78, 0.85, 0.62, 0.67, 0.6, 0.85, 0.95, 0.92, 0.65, 0.73, 0.71, 0.59, 0.76, 0.76, 0.77, 0.81, 0.82, 0.96, 0.81, 0.93];

q1_t = [3106, 3141, 2996, 3060, 3113, 3099, 3109, 3097, 2970, 3055, 2959, 2983, 2927, 3078, 2854, 3065, 3074, 2970, 3123, 2972, 3127, 2939, 2932, 2871, 2874, 3077, 3063, 2951, 2969, 2990, 2937, 2861, 3108, 2947, 2885, 3076, 3022, 2992, 2981, 2984, 3090, 3041, 2915, 3091, 3093, 3112, 3069, 3105, 2910, 2855];
q2_t = [5940, 5893, 6045, 5977, 6056, 6046, 6124, 6081, 6166, 6028, 6118, 5852, 6163, 6094, 6045, 5884, 5933, 5978, 5992, 5875, 6173, 5989, 6013, 6131, 6034, 5989, 5891, 6069, 6121, 6017, 5926, 6017, 5908, 6163, 5957, 5870, 6064, 6018, 5949, 5939, 6110, 5964, 5992, 6032, 5933, 6075, 5914, 6143, 6153, 6045];
q3_t = [8955, 8828, 8952, 9159, 8950, 9128, 8969, 8956, 9040, 9033, 9037, 8961, 9016, 8999, 9124, 9190, 8926, 9161, 9138, 9078, 9076, 8801, 8989, 8895, 8898, 8852, 8890, 9039, 8928, 9077, 9060, 9180, 8804, 8994, 8930, 8995, 8958, 9088, 8811, 8862, 9198, 9174, 9052, 8983, 8973, 8925, 9152, 9080, 9032, 8892];
q4_t = [11981, 11855, 11983, 11992, 12018, 12113, 11988, 12094, 11904, 11944, 12117, 12110, 12136, 12127, 11990, 11958, 12035, 12041, 12123, 11987, 12097, 11930, 11956, 11921, 11910, 12104, 11953, 12109, 12036, 12015, 12069, 11876, 12040, 12080, 12036, 12075, 11890, 12037, 12124, 11947, 12045, 12039, 12137, 11923, 11863, 11954, 11960, 12042, 11873, 12080];


C1 = 870;
C2 = 1450;
C3 = 1920;
C4 = 2290;




