T = 50;

Demand = [532, 515, 409, 408, 575, 431, 449, 486, 488, 595, 550, 514, 404, 441, 468, 471, 587, 502, 584, 446, 404, 412, 544, 532, 444, 598, 470, 502, 421, 432, 547, 511, 569, 528, 417, 524, 455, 405, 449, 589, 452, 580, 570, 507, 459, 477, 553, 461, 462, 600];

p_t = [0.69, 0.52, 0.77, 0.52, 0.88, 0.74, 0.65, 0.81, 0.65, 0.69, 0.64, 0.53, 0.64, 0.84, 0.68, 0.72, 0.59, 0.51, 0.78, 0.7, 0.7, 0.75, 0.61, 0.75, 0.8, 0.89, 0.71, 0.76, 0.75, 0.93, 0.81, 0.85, 0.58, 0.86, 0.61, 0.56, 0.85, 0.99, 0.69, 0.73, 0.88, 0.81, 0.69, 0.72, 0.82, 0.52, 0.55, 0.97, 0.82, 0.96];

q1_t = [3105, 3017, 3133, 2953, 2936, 3071, 3084, 2859, 2867, 3120, 2882, 2935, 3124, 2927, 3076, 2862, 2985, 3129, 2933, 3027, 3089, 3069, 3138, 3090, 2970, 2930, 2915, 2971, 2879, 2890, 2851, 2949, 2981, 3044, 2977, 3066, 3099, 2861, 3062, 3042, 3068, 3133, 2856, 3026, 2989, 2892, 2958, 2966, 2929, 3027];

q2_t = [6051, 6068, 5956, 5897, 5973, 6156, 6076, 6091, 6075, 5929, 6125, 6081, 5928, 5953, 6002, 6173, 5917, 5875, 6024, 6037, 5906, 5990, 5873, 6179, 6076, 6054, 6045, 5992, 6136, 6085, 6033, 6010, 6198, 6130, 5949, 5902, 6136, 6126, 5923, 6136, 5935, 5910, 5945, 5870, 6105, 5884, 6023, 5930, 6113, 6031];

q3_t = [8834, 9033, 9125, 8927, 9096, 8975, 9156, 9037, 8820, 9164, 8993, 8956, 9169, 9123, 9081, 8822, 8887, 9138, 8910, 9085, 8876, 9146, 9178, 8848, 8979, 9112, 8903, 9106, 9050, 8860, 8835, 9185, 8900, 9116, 9048, 8979, 9195, 9169, 8934, 9185, 8803, 8920, 8933, 8901, 8905, 9175, 8986, 8840, 9065, 9132];

q4_t = [11927, 11976, 11933, 11959, 12009, 11889, 11967, 11860, 11969, 11982, 12127, 11874, 12062, 11926, 12012, 12036, 11872, 12033, 11953, 12061, 12104, 11898, 11985, 11990, 11868, 11938, 12081, 11906, 12035, 11925, 11882, 11875, 12130, 12048, 12083, 12083, 12001, 11879, 12088, 11984, 12023, 12044, 12084, 11963, 12117, 11970, 12142, 11972, 11916, 11969];

C1 = 470;
C2 = 850;
C3 = 1220;
C4 = 1510;




