T = 50;

Demand = [547, 550, 502, 447, 461, 436, 424, 597, 451, 411, 578, 437, 471, 583, 500, 461, 532, 529, 403, 466, 560, 439, 598, 518, 478, 415, 598, 458, 472, 437, 552, 579, 569, 468, 449, 499, 585, 551, 489, 561, 484, 466, 596, 581, 490, 541, 508, 523, 413, 532];

p_t = [0.82, 0.76, 0.56, 0.76, 0.56, 0.87, 0.6, 0.7, 0.68, 0.74, 0.6, 0.5, 0.68, 0.52, 0.75, 0.6, 0.91, 0.62, 0.5, 0.71, 0.76, 0.62, 0.6, 0.54, 0.59, 0.69, 0.69, 0.7, 0.8, 0.87, 0.78, 0.8, 1, 0.51, 0.54, 0.68, 0.63, 0.56, 0.84, 0.51, 0.89, 0.57, 0.57, 0.55, 0.7, 0.99, 0.8, 0.88, 0.56, 0.93];

q1_t = [3088, 2965, 2986, 3065, 3061, 2969, 3057, 2859, 2921, 2855, 3104, 3125, 2862, 3110, 3064, 2955, 2927, 3131, 2891, 3150, 3017, 3147, 2860, 3097, 2960, 2901, 2896, 3049, 3032, 3077, 3033, 2918, 2906, 3094, 3130, 3012, 3023, 3103, 2875, 2850, 3008, 2906, 3109, 2911, 3056, 3057, 3109, 3112, 2994, 2875];
q2_t = [6116, 5903, 6136, 5937, 5986, 6028, 6011, 6173, 5865, 5857, 5879, 5876, 6187, 5854, 5852, 6176, 6025, 6039, 5978, 6192, 5893, 6138, 6001, 6128, 5991, 6079, 6119, 5947, 6131, 6192, 6137, 5997, 6042, 6167, 5956, 6027, 6096, 5979, 6032, 5896, 5854, 5852, 6159, 6068, 6179, 6195, 6065, 6083, 6042, 6038];
q3_t = [8825, 8902, 8891, 8931, 9164, 9180, 8944, 9046, 8900, 9189, 9170, 8942, 9111, 8959, 8991, 8946, 8894, 9135, 9032, 9182, 8892, 9045, 9012, 9165, 8811, 9084, 9051, 8920, 9124, 9025, 8863, 9115, 8851, 9171, 9177, 9019, 8887, 9090, 8965, 8937, 8960, 8996, 8867, 8998, 8830, 9107, 8924, 8894, 9020, 9131];
q4_t = [12111, 12047, 11954, 12081, 11873, 11917, 11942, 11944, 11953, 12049, 11994, 12063, 11944, 12078, 11976, 12078, 11876, 12130, 12135, 11991, 11903, 12039, 11982, 12137, 11894, 12096, 11950, 12045, 11883, 11894, 11858, 12132, 12132, 11963, 11967, 12047, 11919, 11872, 11984, 11940, 11945, 11867, 12144, 11976, 12123, 11972, 12087, 11852, 12046, 11900];


C1 = 670;
C2 = 1050;
C3 = 1420;
C4 = 1790;




