T = 300;

Demand = [516, 468, 551, 570, 467, 559, 415, 509, 514, 481, 514, 557, 486, 415, 458, 413, 405, 402, 555, 480, 475, 421, 494, 435, 526, 463, 545, 410, 417, 481, 539, 449, 541, 449, 452, 509, 527, 507, 525, 535, 450, 550, 410, 566, 473, 446, 587, 402, 552, 413, 512, 531, 543, 445, 464, 508, 443, 585, 403, 479, 486, 549, 499, 464, 458, 501, 420, 523, 548, 587, 404, 463, 568, 470, 401, 510, 434, 410, 508, 415, 573, 554, 577, 462, 600, 536, 527, 550, 565, 426, 542, 485, 452, 413, 560, 440, 481, 543, 416, 553];

p_t = [0.71, 0.76, 0.96, 0.72, 0.92, 0.76, 0.69, 0.81, 0.61, 0.61, 0.99, 0.52, 0.7, 0.6, 0.61, 0.84, 0.63, 0.78, 0.53, 0.84, 0.8, 0.62, 0.81, 0.92, 0.89, 0.83, 0.86, 0.99, 0.55, 0.73, 0.59, 0.96, 0.62, 0.65, 0.93, 0.81, 0.89, 0.63, 0.95, 1, 0.62, 0.66, 0.57, 0.68, 0.86, 0.59, 0.74, 0.87, 0.53, 0.67, 0.76, 0.87, 0.78, 0.59, 0.81, 0.56, 0.51, 0.64, 0.68, 0.6, 0.82, 0.72, 0.77, 0.61, 0.64, 0.85, 0.73, 0.68, 0.86, 0.57, 0.83, 0.86, 1, 0.56, 0.84, 0.93, 0.9, 0.74, 0.84, 0.6, 0.99, 0.55, 0.7, 0.78, 0.54, 0.58, 0.51, 0.78, 0.85, 0.89, 0.84, 0.97, 0.64, 0.71, 0.81, 0.51, 0.98, 0.95, 0.52, 0.86];

q1_t = [2987, 2892, 2865, 2878, 3030, 3036, 2935, 2953, 2959, 3088, 2943, 3134, 3056, 2888, 3080, 2943, 2924, 3019, 3063, 3143, 2877, 2940, 3082, 2857, 3122, 2949, 3042, 2963, 2867, 3084, 3119, 3101, 2862, 3111, 2877, 3071, 2901, 3137, 3047, 3069, 2986, 3060, 2851, 2955, 2993, 3013, 3086, 3131, 3084, 2988, 2963, 2907, 2992, 3030, 2953, 3040, 2879, 2957, 3080, 3009, 3145, 3038, 3111, 2912, 3144, 2959, 2934, 3033, 2872, 2884, 2980, 2952, 3027, 2875, 3074, 3037, 3147, 2857, 3053, 3107, 2968, 2861, 3107, 3001, 3074, 3055, 3139, 3049, 2936, 2859, 3125, 2865, 2856, 2936, 3109, 2869, 2866, 2855, 2892, 2954];

q2_t = [5996, 5990, 5873, 6073, 5984, 5972, 6143, 6023, 6127, 5965, 6015, 5884, 5972, 6125, 5958, 6142, 6051, 5955, 6034, 5926, 6153, 6170, 5879, 6036, 6186, 6161, 5992, 6142, 5932, 5948, 5870, 6132, 6058, 6088, 5940, 5899, 6071, 6178, 5916, 6149, 6074, 5897, 6176, 5876, 5893, 6170, 6070, 6169, 6039, 6081, 6057, 5855, 6106, 5869, 5901, 6032, 6088, 6198, 5865, 6156, 6197, 6093, 5864, 5900, 6043, 6184, 6070, 6056, 6146, 5863, 6197, 6076, 5971, 5941, 5964, 6000, 6167, 5959, 5888, 6196, 6027, 6113, 6177, 6095, 6054, 6106, 5961, 5876, 6017, 6160, 6149, 6086, 6113, 6096, 6059, 6180, 6124, 6153, 5868, 6027];

q3_t = [8969, 8927, 8901, 9039, 9098, 8941, 8996, 8999, 9116, 9038, 8817, 8978, 8968, 9114, 9008, 8823, 8968, 9108, 9013, 9098, 9174, 8874, 8974, 9021, 8837, 9041, 8915, 8910, 9111, 8861, 9017, 8893, 9200, 8927, 8875, 8816, 9098, 9044, 9149, 8897, 9152, 8946, 8820, 8967, 8818, 9027, 9164, 8950, 8985, 9019, 8888, 9193, 9103, 9109, 9046, 8904, 8851, 8848, 8862, 8809, 9152, 9134, 9027, 8857, 9172, 8895, 9020, 8897, 9083, 9156, 9047, 8911, 9075, 8801, 8887, 9144, 8846, 8857, 9121, 9184, 8806, 9117, 8835, 8803, 9082, 9176, 9050, 9109, 8980, 8818, 9114, 9120, 8837, 8847, 8855, 9117, 8931, 8859, 9110, 8929];


C1 = 790;
C2 = 1150;
C3 = 1570;


