T = 300;

Demand = [526, 493, 483, 489, 455, 431, 409, 425, 495, 456, 517, 458, 420, 562, 519, 534, 590, 434, 575, 563, 436, 542, 463, 556, 416, 464, 514, 477, 463, 507, 487, 473, 574, 496, 401, 528, 531, 595, 564, 593, 408, 567, 503, 528, 460, 520, 516, 515, 475, 534, 504, 464, 490, 430, 446, 547, 488, 552, 577, 514, 438, 485, 597, 414, 467, 423, 557, 519, 521, 596, 526, 577, 516, 416, 567, 460, 551, 407, 537, 532, 585, 439, 563, 437, 487, 566, 535, 579, 524, 441, 557, 579, 590, 446, 599, 521, 555, 401, 416, 553];

p_t = [0.54, 0.95, 0.88, 0.73, 0.87, 0.82, 0.63, 0.92, 0.51, 0.66, 0.92, 0.79, 0.96, 0.68, 0.73, 0.82, 0.81, 0.87, 0.67, 0.93, 0.91, 0.7, 0.52, 1, 0.98, 0.54, 0.7, 0.93, 0.96, 0.58, 0.76, 0.61, 0.65, 0.51, 0.63, 0.88, 0.73, 0.97, 0.98, 0.56, 0.69, 0.58, 0.77, 0.64, 0.66, 0.56, 0.91, 0.84, 0.62, 0.62, 0.67, 0.85, 0.67, 0.62, 0.6, 0.67, 0.75, 0.84, 0.61, 0.59, 0.65, 0.7, 0.84, 0.87, 0.71, 0.85, 0.91, 0.58, 0.81, 0.76, 0.52, 0.55, 0.54, 0.6, 0.73, 0.91, 0.72, 0.57, 0.72, 0.52, 0.79, 0.69, 0.53, 0.82, 0.7, 0.71, 0.96, 0.67, 0.76, 0.84, 0.55, 0.6, 0.85, 0.68, 0.8, 0.7, 0.54, 0.85, 0.73, 0.89];

q1_t = [3090, 3081, 2986, 3096, 2908, 2953, 2899, 2873, 3143, 2901, 3012, 3092, 2931, 2851, 3074, 3002, 3103, 3078, 2905, 3100, 3040, 3140, 3043, 2898, 3146, 2912, 2924, 2870, 3047, 3014, 3092, 3020, 2953, 2983, 2947, 3107, 2949, 2946, 3134, 2896, 3051, 3017, 2957, 2884, 3074, 2893, 3082, 3013, 3048, 2970, 2882, 3008, 2865, 2900, 3058, 3021, 2908, 3059, 2986, 3114, 3116, 3138, 2987, 3043, 2975, 2910, 2900, 3143, 3051, 3047, 3143, 3005, 3098, 2990, 2983, 3132, 3025, 3089, 3124, 2934, 2927, 3044, 3124, 3053, 3146, 2986, 3150, 2883, 3124, 2900, 2918, 2999, 2931, 2870, 2933, 3039, 3047, 2947, 3008, 3007];

q2_t = [6055, 5942, 6143, 6022, 5898, 5982, 6120, 5999, 6160, 5894, 6059, 6126, 5931, 6079, 5982, 5901, 6187, 5946, 5953, 5857, 6124, 6000, 6171, 6027, 6134, 6172, 5871, 5984, 5938, 5889, 5977, 6022, 6112, 5895, 5988, 6159, 5877, 6156, 6031, 5954, 6046, 5958, 6171, 6092, 6035, 6033, 6151, 5917, 6022, 6072, 6068, 6163, 5969, 5946, 6014, 6148, 6070, 5969, 5975, 5951, 5943, 6061, 5945, 6035, 6169, 5970, 5993, 5965, 5918, 6091, 5850, 6093, 5899, 6160, 5987, 6004, 6120, 6164, 6139, 6064, 5975, 6007, 6137, 6083, 5981, 6001, 6180, 5960, 5868, 6083, 5973, 5886, 5950, 6187, 6149, 6014, 5958, 5966, 6054, 6081];

q3_t = [8928, 8904, 9100, 8892, 9006, 8905, 8803, 8945, 8932, 8853, 8959, 9165, 9069, 8980, 9080, 8852, 9034, 8928, 8919, 9118, 9120, 8943, 9115, 8835, 8923, 8942, 8920, 8802, 9041, 8823, 9005, 9057, 9173, 8891, 9145, 9087, 8874, 8823, 8866, 8939, 8924, 9174, 8881, 8808, 9051, 9156, 8834, 8944, 8882, 8876, 8996, 9068, 8964, 8907, 9027, 8989, 8905, 9113, 8820, 8933, 8934, 8822, 8915, 8999, 9110, 9081, 9179, 8872, 9180, 8812, 8999, 9090, 8859, 8852, 9191, 9025, 8858, 8904, 8910, 9128, 8996, 8818, 8959, 8838, 8967, 8847, 9148, 9076, 9050, 8960, 8941, 8849, 8986, 9034, 9145, 9162, 8948, 9133, 8994, 9193];


C1 = 970;
C2 = 1690;
C3 = 2620;