T = 300;

Demand = [503, 532, 418, 584, 521, 458, 525, 407, 492, 563, 599, 466, 461, 456, 478, 435, 530, 407, 594, 490, 403, 581, 569, 541, 491, 598, 525, 446, 403, 535, 404, 486, 512, 595, 412, 538, 441, 576, 578, 577, 533, 472, 549, 581, 430, 597, 424, 557, 416, 500, 449, 472, 422, 415, 424, 592, 521, 450, 471, 469, 464, 555, 427, 439, 452, 464, 450, 402, 463, 561, 551, 448, 423, 503, 591, 537, 463, 583, 443, 591, 562, 594, 571, 429, 557, 475, 544, 496, 440, 540, 473, 554, 440, 579, 502, 465, 556, 550, 542, 402];

p_t = [0.85, 0.64, 0.88, 0.55, 0.87, 0.82, 0.63, 0.97, 0.57, 0.85, 0.96, 0.95, 0.65, 0.89, 0.63, 0.7, 0.52, 0.54, 0.56, 0.79, 0.67, 0.76, 0.54, 0.84, 0.53, 0.76, 0.71, 0.78, 0.61, 0.51, 0.55, 0.51, 0.94, 0.87, 0.56, 0.96, 0.53, 0.66, 0.63, 0.51, 0.79, 0.59, 0.83, 0.9, 0.56, 0.65, 0.84, 0.96, 0.94, 0.82, 0.7, 0.91, 0.53, 0.65, 0.64, 0.8, 0.66, 0.57, 0.85, 0.97, 0.69, 0.66, 0.89, 0.51, 0.6, 0.99, 0.96, 0.99, 0.52, 0.85, 0.74, 0.51, 0.7, 0.76, 0.7, 0.6, 0.89, 0.95, 0.85, 0.63, 0.58, 0.64, 0.53, 0.61, 0.74, 0.93, 0.91, 0.7, 0.72, 0.96, 0.8, 0.94, 0.8, 0.95, 0.88, 0.68, 0.85, 0.52, 0.54, 0.97];

q1_t = [3121, 3141, 2992, 3100, 2852, 2879, 3008, 3050, 3022, 2891, 2863, 2919, 2982, 3103, 3104, 3060, 2896, 3019, 2924, 3088, 2917, 2986, 2978, 3012, 2882, 3120, 3021, 2931, 2909, 3121, 3037, 2986, 3066, 2930, 2921, 3137, 2916, 2998, 2992, 3046, 2933, 2954, 2931, 3108, 2939, 3038, 3013, 3143, 2987, 3121, 2949, 3071, 2998, 3061, 3062, 2867, 2979, 3140, 2855, 3042, 2926, 3029, 3056, 3039, 3018, 2969, 2926, 3134, 3134, 2930, 3002, 3076, 3050, 3019, 3127, 2959, 3145, 2898, 2878, 3018, 3120, 2941, 2988, 3030, 3091, 3075, 3143, 3003, 3120, 2904, 3084, 3020, 3004, 2992, 3077, 3014, 2947, 2977, 2932, 3039];

q2_t = [5927, 6033, 6131, 6007, 6061, 6091, 5873, 6008, 5984, 6176, 6102, 5897, 6101, 6005, 6083, 6181, 6069, 6133, 5971, 5959, 6198, 5890, 5932, 5893, 6158, 5907, 6163, 6162, 6161, 6068, 6116, 6033, 6137, 6001, 5873, 6064, 6199, 5875, 5899, 6021, 6103, 5866, 6138, 6016, 6146, 6155, 5945, 6126, 5934, 5919, 5990, 5853, 6187, 6199, 5988, 6134, 6144, 6065, 5870, 6153, 5972, 6103, 6086, 6125, 6138, 5979, 5990, 6132, 6143, 6038, 5955, 6015, 5959, 5908, 6025, 6088, 6117, 6137, 6160, 5943, 6188, 5959, 5987, 6015, 6171, 5908, 6068, 6003, 6179, 5998, 5986, 5894, 6131, 5910, 6004, 6136, 6004, 6139, 6036, 5984];

q3_t = [8943, 8877, 8876, 9023, 8923, 8955, 8825, 8829, 8870, 8851, 9192, 8901, 9177, 9082, 8845, 9077, 8949, 9103, 9099, 8951, 9086, 8946, 8938, 9117, 9062, 8997, 8860, 9159, 8978, 8920, 8829, 9052, 8893, 9159, 9066, 9100, 9006, 9058, 9034, 9135, 8872, 8844, 9119, 8898, 9089, 8825, 9131, 8880, 8957, 8930, 9200, 9006, 9016, 9058, 9042, 8858, 8849, 9049, 8894, 9135, 9195, 9003, 8860, 8896, 8852, 8938, 9083, 9178, 8914, 8813, 9046, 8824, 9095, 9075, 9134, 9193, 9034, 9111, 8905, 8813, 9057, 9075, 8971, 9154, 8973, 9166, 8905, 8969, 9062, 8879, 8833, 9082, 9127, 9023, 8914, 9106, 9080, 9028, 8833, 8950];


C1 = 870;
C2 = 1450;
C3 = 1920;




