T = 300;

Demand = [578, 600, 517, 581, 413, 439, 598, 428, 497, 535, 535, 527, 496, 474, 540, 553, 506, 536, 523, 455, 419, 511, 453, 528, 598, 590, 580, 553, 538, 513, 594, 593, 442, 580, 565, 513, 557, 505, 467, 460, 403, 421, 528, 425, 409, 561, 477, 515, 514, 422, 490, 418, 508, 414, 574, 519, 443, 543, 495, 561, 414, 520, 544, 449, 572, 538, 422, 538, 552, 571, 413, 554, 562, 592, 516, 538, 578, 525, 541, 560, 508, 512, 571, 547, 590, 583, 567, 521, 478, 497, 482, 484, 480, 590, 540, 446, 517, 494, 543, 518];

p_t = [0.55, 0.67, 0.85, 0.56, 0.9, 0.71, 0.68, 0.83, 0.7, 0.88, 0.63, 0.83, 0.74, 0.74, 0.98, 0.78, 0.79, 0.66, 0.82, 0.81, 0.77, 0.87, 0.66, 0.91, 0.8, 0.58, 0.86, 0.62, 0.94, 0.93, 0.6, 0.62, 0.9, 0.82, 0.52, 0.82, 0.87, 0.84, 0.62, 0.65, 0.81, 0.57, 0.67, 0.52, 0.84, 0.9, 0.71, 0.87, 0.93, 0.64, 0.74, 0.63, 0.96, 0.74, 0.52, 0.62, 0.8, 0.54, 0.58, 0.76, 0.89, 0.56, 0.65, 0.76, 0.62, 0.54, 0.71, 0.99, 0.93, 0.78, 0.99, 0.82, 0.5, 0.86, 0.58, 0.68, 1, 0.7, 0.7, 0.68, 0.6, 0.98, 0.66, 0.78, 0.8, 0.92, 0.59, 0.57, 0.91, 0.93, 0.82, 0.52, 0.78, 0.71, 0.84, 0.61, 0.52, 0.96, 0.97, 0.57];

q1_t = [2965, 2898, 2943, 2973, 2983, 3007, 2921, 2954, 3039, 3146, 2890, 3071, 2885, 2933, 3133, 2930, 2995, 2916, 2945, 2870, 2925, 3095, 2861, 3127, 2878, 3047, 2863, 3078, 3039, 2982, 3079, 2854, 3023, 2857, 3096, 3139, 3008, 2919, 3000, 2956, 3004, 2883, 3054, 3144, 2916, 3129, 2949, 2988, 3068, 3098, 3103, 2981, 2906, 3048, 2905, 2899, 2899, 3130, 3066, 3028, 3083, 2968, 2965, 3097, 2858, 3118, 3142, 3062, 3003, 3004, 2902, 3016, 3076, 2932, 2926, 2873, 3025, 2966, 3093, 2868, 2900, 3019, 3063, 2955, 3042, 3066, 2971, 2991, 2899, 3149, 3066, 2967, 3061, 3052, 3133, 3148, 2870, 2922, 3049, 2968];

q2_t = [6030, 6036, 6062, 6071, 6110, 5947, 5933, 6094, 6009, 5989, 5852, 5987, 5886, 5983, 6180, 5957, 6183, 6035, 6058, 5971, 6136, 6100, 5956, 6160, 6100, 6008, 6067, 5969, 5981, 6107, 6053, 5881, 6075, 5987, 6171, 6049, 5931, 6056, 5858, 5852, 5888, 5907, 5922, 5952, 6099, 6133, 5942, 6111, 6164, 5905, 5976, 5933, 6153, 5915, 6027, 6129, 6181, 6137, 6065, 6015, 6056, 5937, 5884, 5883, 6013, 5850, 6125, 5963, 6144, 6068, 6038, 5972, 5907, 6036, 6125, 5945, 6065, 5904, 5946, 5975, 6033, 6073, 6183, 5905, 5880, 5889, 6176, 5888, 6157, 5989, 5875, 6141, 6145, 6003, 5860, 6010, 5866, 5973, 5956, 6183];

q3_t = [8959, 9179, 9121, 9139, 8985, 9024, 9010, 8826, 8832, 8863, 8953, 8826, 9123, 9022, 9167, 9127, 9197, 8991, 9120, 8856, 9198, 8886, 9097, 8906, 8927, 9079, 9029, 8828, 8961, 9190, 9195, 9114, 9045, 8983, 9080, 9048, 8871, 9178, 9039, 8884, 8856, 8942, 8941, 8827, 9152, 8890, 8838, 9014, 9112, 8883, 8958, 8825, 8914, 8862, 9042, 8989, 9198, 8987, 9086, 8883, 9129, 9173, 9194, 8817, 9188, 8831, 9015, 8802, 9009, 9038, 9002, 8880, 8812, 8926, 9164, 8875, 8853, 8875, 8843, 9186, 8834, 9009, 8990, 9096, 9007, 9014, 8976, 8809, 8915, 8966, 9018, 8990, 8808, 9004, 9044, 8859, 9151, 8958, 9016, 9049];


C1 = 790;
C2 = 1150;
C3 = 1570;