T = 300;

Demand = [598, 485, 480, 456, 559, 420, 492, 434, 452, 490, 414, 500, 417, 423, 592, 563, 518, 451, 539, 480, 544, 469, 419, 455, 430, 541, 421, 507, 535, 592, 425, 419, 445, 505, 508, 507, 566, 464, 567, 529, 460, 568, 536, 450, 434, 480, 523, 470, 447, 521, 458, 431, 597, 532, 567, 530, 499, 535, 496, 424, 401, 557, 514, 513, 464, 415, 595, 464, 410, 516, 589, 410, 460, 429, 559, 460, 413, 455, 558, 524, 406, 575, 541, 483, 468, 428, 524, 501, 545, 573, 437, 434, 472, 503, 584, 532, 435, 423, 542, 416];

p_t = [0.74, 0.65, 0.86, 1, 0.92, 0.55, 0.62, 0.78, 0.5, 0.73, 0.69, 0.82, 0.72, 0.92, 1, 0.71, 0.72, 0.96, 0.91, 0.73, 0.62, 0.69, 0.56, 0.91, 0.62, 0.74, 0.99, 0.99, 0.79, 0.58, 0.61, 0.94, 0.69, 0.84, 0.86, 0.92, 0.58, 0.94, 0.7, 0.54, 0.66, 0.8, 0.76, 0.99, 0.58, 0.53, 0.9, 0.92, 0.81, 0.78, 0.65, 0.73, 0.66, 0.84, 0.75, 0.65, 0.79, 0.74, 0.88, 0.75, 0.77, 0.9, 0.75, 0.95, 0.69, 0.95, 0.5, 0.73, 0.94, 0.51, 0.78, 0.62, 0.71, 0.88, 0.56, 0.58, 0.79, 0.58, 0.81, 0.5, 0.85, 0.86, 0.88, 0.85, 0.64, 0.98, 0.73, 0.53, 0.73, 0.99, 0.7, 0.83, 0.91, 1, 0.51, 0.8, 0.54, 0.84, 0.84, 0.64];

q1_t = [2897, 2902, 3011, 3118, 3023, 3024, 2978, 2932, 3150, 2904, 2960, 2958, 2932, 3064, 2964, 2917, 2914, 3035, 3148, 2864, 2974, 2921, 2989, 2949, 2989, 2884, 2856, 3063, 3000, 3072, 3088, 2919, 2853, 3090, 2915, 3073, 2974, 2987, 3124, 3114, 2995, 3107, 3070, 3072, 2987, 2998, 2918, 2948, 2968, 3113, 3024, 3118, 2879, 3054, 2920, 2910, 2977, 2947, 2866, 2896, 2869, 3105, 3108, 3069, 3147, 2937, 2850, 2949, 3010, 3029, 2879, 2965, 2896, 2928, 2873, 2900, 3091, 3094, 2919, 3003, 2923, 2905, 2920, 2863, 2935, 2899, 3136, 3085, 3028, 3082, 3107, 3041, 2974, 2925, 3028, 2905, 2952, 3023, 2905, 2942];

q2_t = [5940, 6116, 6003, 6023, 6107, 5859, 6067, 6177, 5963, 6026, 5928, 6175, 5882, 5886, 6130, 6152, 5938, 5912, 6147, 6169, 6004, 5883, 6147, 6081, 5992, 6122, 6031, 6193, 5927, 5961, 6022, 6092, 6192, 5921, 5873, 6005, 5997, 6155, 6191, 6074, 5980, 6100, 5871, 6168, 5997, 6062, 6032, 5907, 6108, 6149, 6047, 6186, 6072, 5965, 5967, 6141, 5879, 5870, 6153, 6029, 6134, 6145, 6035, 5884, 6176, 5916, 5895, 6145, 6195, 5851, 5976, 6192, 6014, 6177, 6039, 6187, 5853, 6142, 6122, 6087, 6144, 6187, 6022, 6105, 5891, 6081, 6044, 5985, 5870, 6171, 5899, 5949, 5914, 6076, 6131, 6047, 6069, 6039, 5991, 6154];

q3_t = [8989, 8892, 8982, 8933, 9175, 8804, 8946, 9137, 9079, 8834, 8913, 9016, 8933, 9179, 9130, 9068, 9055, 8891, 8807, 8887, 9103, 9044, 8806, 8983, 8818, 9000, 8909, 9177, 9033, 8887, 9007, 9107, 9069, 8990, 9175, 9054, 8957, 9156, 9160, 8929, 9170, 8955, 9169, 9080, 8897, 8836, 8904, 9129, 8949, 9042, 8811, 9102, 9063, 8905, 9015, 8900, 8859, 8862, 9136, 8810, 9021, 9150, 9187, 9171, 8809, 9138, 9028, 9137, 8862, 9041, 8998, 8982, 8820, 9008, 9167, 8835, 9042, 9013, 8934, 9192, 8977, 8959, 9094, 9060, 8984, 8866, 8866, 8980, 9123, 9074, 9195, 8922, 8953, 9064, 8954, 9074, 9083, 9014, 8841, 9116];


C1 = 670;
C2 = 1050;
C3 = 1420;










