T = 300;

Demand = [545, 446, 524, 574, 453, 552, 593, 561, 542, 577, 429, 524, 517, 547, 513, 531, 526, 503, 446, 501, 577, 511, 558, 448, 571, 565, 478, 406, 483, 499, 488, 443, 464, 555, 423, 488, 500, 426, 583, 496, 518, 592, 524, 417, 502, 503, 573, 442, 433, 522, 492, 443, 463, 438, 402, 571, 585, 596, 425, 586, 551, 460, 546, 534, 582, 571, 483, 584, 422, 564, 474, 507, 400, 488, 416, 489, 449, 403, 579, 467, 515, 506, 564, 429, 407, 502, 428, 477, 476, 527, 589, 454, 568, 581, 478, 467, 579, 583, 477, 549];

p_t = [0.76, 0.71, 0.75, 0.69, 0.96, 0.57, 0.5, 0.92, 0.83, 0.75, 0.63, 0.88, 0.91, 0.88, 0.54, 0.56, 0.5, 0.79, 0.8, 0.99, 0.78, 0.84, 0.62, 0.76, 0.55, 0.59, 0.91, 0.72, 0.5, 0.81, 0.94, 0.97, 0.5, 0.72, 0.84, 0.56, 0.79, 0.6, 0.64, 0.54, 0.61, 0.96, 0.86, 0.67, 0.98, 0.53, 0.99, 0.94, 1, 0.69, 0.74, 0.61, 0.86, 0.75, 0.73, 0.7, 0.61, 0.96, 0.6, 1, 0.72, 0.94, 0.81, 0.87, 0.53, 0.88, 0.67, 0.91, 0.74, 0.85, 0.8, 0.54, 0.86, 0.91, 0.72, 0.81, 0.51, 0.62, 0.95, 0.98, 0.85, 0.53, 0.79, 0.55, 0.81, 0.83, 0.95, 0.72, 0.75, 0.73, 0.56, 0.57, 0.51, 0.74, 0.69, 0.68, 0.63, 0.8, 0.72, 0.75];

q1_t = [3000, 3106, 2901, 3101, 3048, 3000, 3110, 3031, 3090, 3004, 2932, 3087, 3129, 2990, 2860, 2910, 2962, 3044, 3095, 3024, 2985, 2909, 3116, 3037, 2924, 2852, 2860, 3089, 2931, 3013, 2897, 3039, 2960, 3006, 3114, 2942, 3057, 3057, 2903, 2911, 2915, 2910, 3063, 3019, 3016, 2917, 2976, 2962, 3109, 2974, 3090, 3119, 2922, 3131, 3013, 2983, 3019, 2957, 3111, 2894, 3007, 3006, 2873, 3007, 3092, 3130, 3027, 3085, 2872, 2868, 2899, 3033, 3068, 2870, 2916, 2940, 2887, 3038, 2975, 2882, 3068, 3147, 2865, 2971, 3030, 3081, 3149, 2966, 3124, 2938, 3147, 3105, 2923, 3091, 2886, 3029, 2896, 3052, 2989, 3026];

q2_t = [5966, 5959, 6104, 6037, 6165, 6113, 6061, 5877, 5902, 6070, 6023, 5951, 5959, 5952, 6014, 6173, 6150, 5890, 6135, 5961, 6096, 6069, 6105, 5914, 5946, 6148, 6055, 6166, 6073, 5980, 6082, 6165, 6134, 6034, 6200, 6112, 6170, 6117, 5946, 6151, 6120, 5879, 6044, 6091, 6174, 6064, 6061, 6124, 6042, 6040, 5862, 6064, 6175, 5971, 6066, 6168, 5983, 6103, 6043, 6147, 6030, 5943, 6153, 6038, 5969, 5860, 5951, 6051, 6162, 5905, 5982, 6028, 5951, 6057, 6000, 6059, 5918, 6161, 6065, 6137, 5993, 5910, 6073, 5865, 5900, 6135, 5935, 6030, 6178, 5973, 5946, 6179, 5950, 6011, 5929, 6020, 6118, 5970, 6030, 6129];

q3_t = [8840, 9198, 8992, 9152, 8980, 8922, 9107, 8946, 8940, 9144, 8974, 9044, 9069, 8831, 8835, 9166, 9038, 9098, 8984, 9049, 8979, 9090, 9192, 8856, 9112, 8993, 8915, 8977, 9186, 9124, 9054, 9060, 9123, 8905, 9053, 8886, 9153, 8867, 8853, 9200, 8823, 8961, 9032, 9065, 8805, 9190, 8861, 8923, 9173, 9055, 9097, 9153, 8910, 8990, 9174, 8888, 8982, 9156, 8961, 8803, 9183, 8820, 9069, 9140, 8854, 9084, 8920, 9157, 9002, 8862, 8967, 9142, 8850, 9058, 8874, 8863, 8970, 8949, 8843, 8858, 8897, 8848, 9093, 8912, 8976, 8843, 8969, 9149, 8943, 8850, 8876, 9041, 8981, 8964, 9115, 8887, 9033, 8878, 8952, 8857];


C1 = 970;
C2 = 1690;
C3 = 2620;

