T = 300;

Demand = [534, 443, 573, 405, 572, 470, 453, 600, 500, 443, 461, 577, 543, 438, 564, 572, 576, 542, 489, 451, 547, 589, 517, 420, 565, 489, 400, 572, 504, 566, 530, 423, 489, 599, 475, 402, 548, 595, 514, 467, 531, 422, 482, 590, 590, 583, 424, 559, 572, 589, 530, 567, 490, 576, 508, 547, 570, 492, 450, 465, 514, 571, 485, 429, 408, 509, 505, 567, 560, 544, 406, 596, 480, 562, 464, 565, 560, 533, 557, 494, 512, 541, 416, 525, 406, 455, 505, 562, 558, 421, 511, 472, 480, 420, 569, 436, 495, 459, 461, 419];

p_t = [0.93, 0.71, 1, 0.87, 0.81, 0.98, 0.68, 0.61, 0.71, 0.53, 0.78, 0.76, 0.55, 0.67, 0.8, 0.6, 0.76, 0.98, 0.75, 0.77, 0.68, 0.82, 0.71, 0.57, 0.87, 0.72, 0.73, 0.64, 0.56, 0.78, 0.74, 0.67, 0.5, 0.65, 0.62, 0.75, 0.59, 0.81, 0.78, 0.77, 0.7, 0.8, 0.66, 0.68, 0.9, 0.76, 0.53, 0.94, 0.52, 0.83, 0.69, 0.56, 0.72, 0.94, 0.8, 0.66, 0.6, 0.64, 0.72, 0.64, 0.82, 0.75, 0.53, 0.7, 0.83, 0.51, 0.88, 0.75, 0.74, 0.55, 0.69, 0.7, 0.84, 0.51, 0.75, 0.99, 0.82, 0.58, 0.65, 0.99, 0.61, 0.52, 0.8, 0.57, 0.68, 0.9, 0.72, 0.56, 0.87, 0.85, 0.88, 0.96, 0.83, 0.94, 0.75, 0.51, 0.94, 0.73, 0.54, 0.93];

q1_t = [2868, 3139, 3064, 2926, 2949, 3106, 3011, 2971, 3124, 2888, 2952, 3085, 2856, 3085, 2957, 2961, 3107, 3135, 2883, 3129, 2985, 3089, 3003, 3105, 2984, 2858, 2866, 3051, 3009, 2937, 2915, 2986, 2855, 2885, 2851, 2916, 2917, 3128, 2903, 3026, 2878, 3129, 3107, 2943, 3062, 2990, 2958, 3055, 2860, 3041, 2966, 2944, 2902, 2850, 3061, 2903, 3102, 3094, 2912, 2974, 2850, 3077, 2875, 3125, 3147, 3082, 2851, 3054, 3020, 3053, 2982, 3082, 3007, 2954, 2901, 3119, 2906, 2958, 3013, 2887, 3029, 2934, 3011, 2879, 2871, 3045, 3087, 3062, 2944, 3001, 2895, 2994, 3033, 3081, 3076, 3149, 2954, 2859, 3148, 2996];

q2_t = [5989, 6122, 6089, 5982, 6112, 5862, 5985, 5880, 6120, 6107, 6082, 6188, 6181, 5960, 6012, 6053, 5962, 6015, 6030, 6119, 6036, 6197, 6148, 6020, 5969, 6190, 5931, 6151, 5892, 5872, 6057, 6166, 5889, 6072, 6016, 6076, 5955, 5939, 6157, 5982, 5883, 5887, 6196, 5934, 6065, 6068, 6176, 6136, 6186, 5967, 6031, 6055, 6011, 6078, 6102, 5966, 6077, 6122, 6091, 6082, 6046, 6181, 5964, 6094, 5895, 6019, 6074, 5985, 6185, 6052, 5861, 5988, 5949, 5875, 5999, 6010, 6102, 5978, 6074, 6004, 6045, 5877, 6137, 6071, 6093, 5891, 6128, 5897, 6124, 6115, 5931, 6157, 5859, 6101, 5917, 6089, 5869, 5966, 6105, 5877];

q3_t = [9044, 8975, 9142, 8871, 9067, 9080, 8822, 8898, 8948, 9019, 9178, 8864, 8994, 8925, 8855, 9067, 9084, 8943, 9012, 8922, 9130, 9023, 8890, 9119, 9126, 9162, 8875, 8960, 9104, 8846, 9059, 9099, 8955, 9090, 8901, 9111, 9183, 8896, 9088, 8827, 9100, 8953, 8910, 8957, 9002, 8943, 9059, 8887, 9146, 8958, 9152, 9130, 9129, 8858, 9178, 8802, 9156, 9058, 8955, 8931, 9013, 8864, 9024, 9117, 8974, 8801, 8842, 8903, 9100, 8964, 9073, 9053, 9182, 9088, 9065, 9004, 8853, 9159, 8892, 9044, 8827, 8878, 9162, 9160, 9171, 8956, 8940, 9108, 9036, 8816, 8880, 8946, 9161, 8840, 9037, 9082, 8865, 8904, 9126, 8867];


C1 = 970;
C2 = 1690;
C3 = 2620;






