T = 300;

Demand = [564, 518, 494, 590, 424, 515, 530, 430, 596, 404, 591, 464, 434, 576, 580, 497, 500, 446, 496, 455, 524, 430, 573, 564, 403, 549, 465, 464, 518, 529, 430, 462, 495, 459, 464, 445, 488, 532, 553, 409, 413, 483, 472, 482, 430, 528, 539, 446, 532, 482, 499, 501, 522, 540, 585, 476, 500, 503, 552, 429, 572, 593, 494, 588, 468, 515, 527, 542, 533, 588, 443, 536, 538, 479, 523, 439, 457, 566, 517, 591, 590, 423, 418, 596, 520, 550, 413, 460, 547, 495, 452, 541, 507, 509, 400, 553, 567, 472, 592, 408];

p_t = [0.88, 0.56, 0.63, 0.56, 0.79, 0.75, 0.51, 0.9, 0.56, 0.77, 0.98, 0.53, 0.59, 0.7, 0.55, 0.83, 0.67, 0.52, 0.89, 0.95, 0.78, 0.87, 0.69, 0.85, 0.53, 0.64, 0.76, 0.75, 0.99, 0.86, 0.8, 0.61, 0.72, 0.67, 0.61, 0.86, 0.74, 0.69, 0.82, 0.53, 0.9, 0.79, 0.98, 0.76, 0.63, 0.68, 0.76, 0.61, 0.73, 0.98, 0.58, 0.62, 0.91, 0.72, 0.83, 0.54, 0.73, 0.91, 0.73, 0.75, 0.95, 0.98, 0.69, 0.53, 0.87, 0.8, 0.74, 0.62, 0.56, 0.78, 0.81, 0.78, 0.89, 0.97, 0.91, 0.69, 0.67, 0.84, 0.65, 0.86, 0.86, 0.78, 0.77, 0.91, 0.76, 0.84, 0.71, 0.94, 0.84, 0.78, 0.66, 0.98, 0.75, 0.72, 0.6, 0.99, 0.52, 0.7, 0.89, 0.62];

q1_t = [2874, 2989, 2968, 3132, 2903, 2976, 3115, 2918, 2948, 3004, 3107, 3121, 3040, 2854, 3088, 3092, 3037, 3124, 2855, 3130, 2858, 2967, 3024, 2904, 3000, 3085, 3105, 2853, 3010, 3107, 3012, 3029, 2943, 3034, 2960, 3048, 2972, 2934, 2887, 2909, 3090, 3137, 2882, 2943, 2958, 2879, 3030, 3026, 3077, 2856, 3044, 2963, 3036, 2958, 2939, 2881, 3116, 2908, 2925, 2925, 2932, 2854, 2897, 3081, 2865, 3074, 3142, 2857, 3015, 3055, 3039, 3045, 3006, 3023, 2932, 2948, 3059, 2992, 2968, 3103, 3083, 2974, 2963, 3014, 2964, 3017, 3025, 2932, 3111, 3022, 2930, 2927, 2917, 3069, 2889, 3000, 3118, 2907, 3048, 2976];

q2_t = [6025, 6039, 6140, 5931, 5980, 5975, 6065, 6097, 6096, 6171, 5872, 5949, 6159, 5911, 6009, 6113, 6003, 5877, 6162, 6179, 6070, 6096, 6159, 5999, 5919, 5977, 5913, 6170, 5945, 6140, 6170, 6114, 5875, 6068, 6075, 5896, 5997, 6197, 6123, 6013, 6113, 6072, 6024, 5883, 5932, 6025, 5877, 5869, 6121, 6072, 6068, 6120, 6054, 5881, 5907, 6056, 6130, 6026, 5971, 6131, 6107, 6149, 5979, 6053, 5928, 6076, 6150, 6042, 5959, 5873, 5985, 5919, 5941, 6078, 6172, 6077, 6144, 6157, 6142, 5953, 6040, 5999, 6169, 6121, 6194, 6092, 5991, 6001, 6056, 6198, 5883, 5906, 5998, 6139, 6110, 5911, 6191, 6050, 6141, 6192];

q3_t = [8875, 8935, 9148, 9115, 9177, 9023, 9189, 8910, 8890, 9058, 9162, 9015, 8884, 9128, 9050, 9026, 9120, 8848, 8903, 9055, 9105, 9094, 9177, 8954, 9188, 8806, 9197, 9193, 9065, 9056, 9175, 8876, 8810, 9115, 9125, 9168, 9053, 8987, 8859, 8840, 9190, 8811, 9188, 9077, 9072, 9168, 8842, 8958, 9111, 8843, 9010, 9015, 9176, 8887, 8844, 8973, 9126, 9182, 8874, 9189, 8976, 9169, 9077, 8883, 8906, 8964, 8969, 9031, 8866, 8874, 9075, 9077, 8863, 9036, 9091, 9168, 8968, 9139, 9167, 8883, 9058, 8992, 9122, 8995, 9042, 9101, 8943, 9192, 9160, 8825, 8808, 8915, 8928, 9045, 8988, 8888, 8840, 8866, 9088, 8809];


C1 = 870;
C2 = 1450;
C3 = 1920;