T = 300;

Demand = [592, 460, 448, 575, 534, 464, 436, 400, 533, 591, 517, 512, 427, 599, 441, 418, 436, 451, 526, 561, 453, 454, 498, 489, 568, 413, 529, 453, 472, 417, 421, 426, 468, 533, 447, 431, 417, 494, 496, 445, 445, 559, 558, 522, 465, 483, 402, 418, 559, 530, 440, 554, 407, 427, 529, 451, 506, 562, 599, 582, 541, 532, 589, 414, 403, 575, 586, 433, 536, 432, 437, 557, 409, 419, 419, 420, 490, 553, 514, 507, 446, 563, 473, 400, 452, 443, 593, 416, 533, 586, 502, 416, 497, 409, 553, 559, 509, 516, 583, 476];

p_t = [0.55, 0.84, 0.91, 0.71, 0.78, 1, 0.62, 0.71, 0.99, 0.6, 0.99, 0.76, 0.9, 0.8, 0.7, 0.84, 0.93, 0.8, 0.53, 0.95, 0.87, 0.61, 0.6, 0.61, 0.69, 0.91, 0.73, 0.66, 0.68, 0.94, 0.83, 0.63, 0.71, 0.55, 0.6, 0.98, 0.9, 0.7, 0.61, 0.62, 0.9, 0.59, 0.53, 0.93, 0.61, 0.58, 0.63, 0.94, 0.8, 0.71, 0.65, 0.57, 0.58, 0.99, 0.63, 0.51, 0.6, 0.94, 0.62, 0.96, 0.75, 0.62, 0.78, 0.91, 0.58, 0.59, 0.82, 0.56, 0.98, 0.71, 0.55, 0.53, 0.79, 0.54, 0.76, 0.51, 0.87, 0.92, 0.87, 0.55, 0.59, 0.71, 0.69, 0.71, 0.64, 0.98, 0.81, 0.52, 0.91, 0.8, 0.78, 0.68, 0.65, 0.62, 0.67, 0.93, 0.66, 1, 0.66, 0.83];

q1_t = [2990, 3140, 3076, 2926, 3038, 3085, 3145, 3134, 3123, 3140, 3029, 2906, 2937, 3018, 2944, 3018, 2879, 3031, 3038, 2964, 2989, 2969, 2957, 2918, 3096, 2958, 3039, 3101, 2925, 3060, 3083, 3019, 3051, 3003, 2968, 3041, 3062, 3092, 2906, 2920, 2912, 2932, 2986, 3050, 3019, 2866, 3099, 3107, 3077, 2923, 3140, 3055, 3009, 3028, 3042, 2877, 2966, 2921, 3091, 2932, 3124, 2922, 2953, 2947, 2945, 2900, 3028, 3129, 2947, 2883, 3106, 3054, 3090, 3081, 2963, 3122, 2979, 3089, 2949, 2975, 2850, 3094, 3098, 2884, 2883, 2860, 3066, 2991, 3058, 3081, 3095, 3099, 3075, 3103, 3055, 3073, 3075, 2879, 3097, 2965];

q2_t = [6134, 6152, 5986, 5955, 6148, 6078, 5931, 5990, 5861, 6122, 6044, 5925, 6165, 5987, 5980, 5911, 6143, 5947, 5885, 5973, 6001, 5956, 6026, 6144, 5937, 6106, 6081, 6150, 5940, 5955, 5965, 5923, 5936, 6017, 6044, 6177, 5881, 5963, 5943, 6124, 6001, 5985, 5909, 5953, 6113, 6198, 5998, 6146, 6051, 5884, 6169, 6176, 5949, 6080, 5932, 6102, 6073, 6029, 6090, 6009, 6011, 6002, 6149, 5890, 5889, 5903, 6134, 5936, 6037, 6013, 5991, 5989, 6129, 6001, 6040, 6162, 5995, 5865, 6054, 6007, 5918, 5877, 5992, 5890, 5910, 6169, 6041, 6182, 6013, 6014, 6048, 5983, 6138, 6030, 5942, 6002, 5932, 5873, 5905, 6071];

q3_t = [9198, 9093, 9026, 9141, 9091, 8883, 9096, 9108, 9141, 9159, 9011, 8861, 8809, 9112, 8929, 9186, 8885, 8878, 8889, 8958, 9010, 9200, 9065, 9056, 8830, 9041, 9134, 9108, 9017, 8878, 9088, 8904, 8843, 8854, 9012, 9115, 9146, 9126, 8970, 8914, 9153, 8964, 8951, 8939, 9155, 8935, 9074, 8857, 9065, 8884, 8863, 9038, 9148, 9197, 9081, 8933, 8803, 8940, 8916, 8949, 9186, 8854, 8827, 9114, 9132, 8881, 8811, 8941, 8966, 9048, 8887, 9045, 9067, 9106, 8856, 8998, 8876, 8867, 8869, 9107, 8988, 9153, 8840, 8900, 9155, 8871, 8889, 8908, 8970, 8989, 8929, 9127, 8985, 8954, 8872, 9064, 8890, 9133, 8804, 9123];


C1 = 790;
C2 = 1150;
C3 = 1570;
